Sample_name,Korea.N.China,Yangtze.Qinling,Central.Japan,North.Japan,SE.China,South.Japan,Msa,Sichuan
Akeno,0,0,0.8,0.1,0,0.1,0,0
CANE9233-US47-0011,0,0,0.022,0.001,0.8,0.005,0.092,0.08
DC-2010-001-A,0.0462,0.0096,0.3018,0.0772,0.044,0.4886,0.0162,0.017
DC-2010-001-E,0.021,0.0156,0.3028,0.0734,0.0432,0.528,0.0072,0.0084
Gunma,0,0,0.8,0.1,0,0.1,0,0
IGR-2011-001,NA,NA,NA,NA,NA,NA,NA,NA
JM0001.001,0.0068,0.0016,0.0012,0.9882,0.0014,0.0006,0,0
JM0001.002,0.0096,0.0002,0.001,0.9768,0.009,0.0006,0.0016,0.0018
JM0001.003,0.0142,0.0004,0.0244,0.9434,0.001,0.0092,0.0018,0.006
JM0022.001,0,0.0006,0.0012,0.996,0.0006,0.0008,0.0002,0.001
JM0022.002,0.0014,0.0006,0.0086,0.9822,0.0012,0.0046,0.0004,0.0006
JM0022.003,0.0164,0.005,0.0188,0.9444,0.0008,0.0018,0.0074,0.0054
JM0026.001,0.0126,0.001,0.0022,0.9552,0.0016,0.0002,0.017,0.0096
JM0026.002,0.002,0.001,0.0132,0.9824,0,0.0004,0,0
JM0026.003,0.0008,0.0006,0.001,0.978,0.0098,0.0008,0.0014,0.0074
JM0034.001,0.0074,0.0006,0.0246,0.9522,0.0032,0.0104,0.0002,0.0012
JM0040.003,0,0.0006,0.0094,0.9892,0,0,0,0
JM0045.002,0.002,0.003,0.0036,0.9732,0.0034,0.012,0.001,0.0018
JM0047.001,0,0.0016,0.0034,0.9862,0,0.007,0.0012,0
JM0047.002,0.0028,0,0.0222,0.9506,0.0026,0.0102,0.005,0.0064
JM0048.001,0.002,0.001,0.0342,0.9442,0,0.01,0.0032,0.0054
JM0050.002,0.0008,0,0.011,0.9764,0.0022,0.0078,0.001,0.001
JM0050.003,0.002,0.0022,0.0324,0.9438,0.0002,0.008,0.0052,0.0058
JM0051.002,0.0132,0.0034,0.0564,0.8786,0,0.0278,0.0114,0.0088
JM0051.003,0.0018,0.0012,0.0262,0.9578,0.0004,0.003,0.0058,0.0038
JM0053.002,0.0086,0.0016,0.0572,0.9274,0,0.003,0.0006,0.0012
JM0055.001,0.0012,0,0.0446,0.9168,0.0016,0.03,0.005,0
JM0055.002,0.0022,0.0004,0.0574,0.9282,0.006,0.0032,0.002,0.0004
JM0057.001,0.0012,0.0014,0.0608,0.9292,0.0008,0.0014,0.0038,0.0018
JM0057.002,0.001,0.001,0.031,0.9522,0.0044,0.0094,0,0.001
JM0058.001,0.0006,0.0006,0.6674,0.0834,0.0036,0.2406,0.0036,0
JM0058.003,0.001,0.0004,0.6646,0.1054,0.014,0.2112,0.0034,0
JM0059.001,0.0018,0.0052,0.0706,0.9004,0.0016,0.0038,0.0076,0.0088
JM0059.002,0.001,0,0.0504,0.9392,0,0.0072,0.0004,0.0014
JM0061.002,0.002,0.0012,0.0544,0.9284,0.0012,0.0094,0.0028,0.0008
JM0062.001,0.0176,0.0054,0.0722,0.8668,0.0016,0.0244,0.0046,0.0066
JM0062.002,0.0006,0.0008,0.066,0.8874,0.0022,0.0302,0.0078,0.0054
JM0062.003,0.0048,0,0.0626,0.9254,0.002,0.0034,0,0.001
JM0069.001,0.0006,0,0.1046,0.8448,0.0004,0.044,0.0012,0.0042
JM0069.002,0,0,0.138,0.8164,0,0.0426,0.0016,0.0002
JM0075.002,0.001,0.0136,0.0962,0.8644,0.0012,0.0184,0.004,0.0014
JM0076.001,0,0,0.068,0.9178,0.001,0.0116,0.001,0
JM0076.002,0.0002,0,0.0972,0.8946,0.0004,0.0066,0,0
JM0079.002,0,0.0002,0.0306,0.9632,0.0038,0.001,0.0004,0
JM0085.001,0.0014,0.0138,0.3042,0.6374,0.0062,0.0344,0.0024,0.0012
JM0085.002,0.0008,0.0014,0.0402,0.9422,0,0.0054,0.0046,0.0052
JM0085.003,0.0204,0.0068,0.0414,0.8654,0.0014,0.0324,0.0194,0.0128
JM0091.001,0.0192,0.0172,0.6274,0.1326,0.0056,0.1612,0.0184,0.0184
JM0091.002,0.0022,0.0014,0.6818,0.151,0.003,0.1592,0.0008,0.0006
JM0093.001,0.0008,0.0022,0.015,0.9632,0.001,0.0124,0.005,0.0006
JM0094.001,0,0,0.7094,0.1026,0.0022,0.1716,0.0144,0
JM0094.003,0.0022,0.0002,0.7162,0.075,0.0006,0.2002,0.0052,0
JM0096.002,0.0012,0.003,0.308,0.6334,0.003,0.0476,0.001,0.0028
JM0098.001,0.0134,0.004,0.6724,0.1042,0.003,0.186,0.0098,0.0068
JM0098.002,0.001,0.0002,0.7322,0.0958,0.002,0.168,0,0
JM0099.001,0.001,0.0008,0.6578,0.1248,0.018,0.197,0.0006,0
JM0118.001,0.0002,0,0.142,0.0002,0.004,0.8526,0,0
JM0118.002,0.01,0.0004,0.017,0.9574,0.0028,0.0066,0.0046,0.0008
JM0118.003,0.0008,0.001,0.1138,0.004,0.0008,0.878,0.001,0
JM0119.001,0,0.001,0.0806,0.001,0.0052,0.9118,0,0.0002
JM0119.002,0.0012,0.0006,0.103,0.001,0.011,0.882,0,0
JM0125.001,0.0096,0.0012,0.0834,0.0072,0.0116,0.8838,0.0008,0.0018
JM0134.002,0.0188,0.0056,0.0388,0.9204,0,0.0054,0.0038,0.007
JM0216.001,0.0038,0.0016,0.007,0.9802,0.001,0.0036,0.0026,0.0002
JM0216.002,0.0004,0.0078,0.0056,0.98,0.0024,0.0008,0.003,0
JM0220.001,0.0036,0.0018,0.085,0.883,0.001,0.0184,0.007,0
JM0229.001,0,0,0.7828,0.0718,0.0008,0.138,0.006,0.0008
JM0229.002,0.0082,0.0002,0.7688,0.0708,0.012,0.133,0.0056,0.0014
JM0232.001,0.0008,0.001,0.3714,0.0112,0.0012,0.614,0,0.0002
JM0232.002,0.001,0.0022,0.3382,0.0206,0.0106,0.6266,0.0004,0.0012
JM0233.002,0.0502,0.0078,0.1532,0.0264,0.0224,0.7196,0.0084,0.0124
JM0239.001,0,0.0002,0.074,0.0012,0.012,0.9072,0.001,0.004
JM0239.002,0.0012,0.0012,0.0952,0.0062,0.0002,0.8958,0,0
JM0295.001,0.0044,0.0006,0.0436,0.94,0.0006,0.0058,0.004,0
JM0295.002,0.0166,0.0012,0.0636,0.8962,0.001,0.01,0.0046,0.0068
JM0296.001,0.0064,0.0034,0.011,0.9432,0.0086,0.0176,0.0084,0.001
JM0296.002,0.0032,0,0.0194,0.9652,0.0062,0.0032,0.0026,0
JM0297.001,0.0004,0,0.0162,0.971,0.0002,0.0066,0.0016,0.004
JM0298.001,0.002,0.001,0.0202,0.9682,0.0012,0.0042,0.0024,0.0004
JM0298.002,0.012,0.0016,0.019,0.941,0.0042,0.004,0.0082,0.0102
JM0300.001,0.0016,0.001,0.0286,0.9402,0,0.017,0.01,0.0018
JM0300.002,0.0002,0.002,0.0448,0.9282,0,0.017,0.0068,0.0006
JM0303.002,0.0114,0.0014,0.0392,0.9184,0,0.0224,0.0066,0
JM0304.001,0.0082,0.0006,0.0308,0.9446,0.0032,0.005,0.0052,0.0032
JM0304.002,0.001,0.0012,0.029,0.9578,0.0024,0.0004,0.0058,0.0024
JM0307.001,0.0008,0.001,0.044,0.946,0.001,0.0062,0,0.001
JM0308.002,0.0004,0.0002,0.039,0.9438,0.0008,0.0048,0.011,0
JM0310.001,0.0174,0.001,0.067,0.8958,0.001,0.0068,0.0056,0.0054
JM0310.002,0.0014,0.0002,0.0638,0.9232,0,0.01,0.0006,0
JM0311.001,0.0016,0,0.054,0.8824,0.0222,0.0374,0.001,0.0012
JM0311.002,0.0012,0.0002,0.063,0.9314,0,0.0012,0.0024,0
JM0315.001,0.0034,0.001,0.048,0.9058,0.0004,0.0292,0.006,0.0064
JM0315.002,0.0166,0.0006,0.028,0.9298,0.0014,0.0164,0.0068,0.0004
JM0317.001,0.0114,0.0012,0.0064,0.945,0.0012,0.0152,0.0082,0.0112
JM0317.002,0.0004,0.0022,0.0402,0.9508,0.0022,0.0008,0.0008,0.0022
JM0318.001,0,0.0004,0.0164,0.9702,0.0002,0.0022,0.0098,0.0002
JM0318.002,0.007,0,0.0212,0.9598,0,0.0054,0.004,0.0022
JM0319.001,0.0002,0,0.0022,0.9942,0.0012,0.0012,0,0.0004
JM0319.002,0.0074,0.0084,0.0326,0.9436,0.0018,0.0048,0.0016,0.0004
JM0325.001,0.002,0,0.0018,0.9926,0.0004,0,0.0022,0.001
JM0325.002,0.002,0,0.0072,0.985,0.0024,0.0002,0.0022,0
JM0326.001,0,0.0002,0.01,0.984,0.0008,0.0004,0.002,0.0018
JM0341.002,0.0004,0,0.0234,0.9718,0,0.0014,0.0016,0.0008
JM0342.001,0.0096,0.0018,0.0174,0.956,0.0008,0.0032,0.0048,0.0066
JM0346.001,0.0048,0.001,0.021,0.9544,0.0136,0.0024,0.0024,0
JM0346.002,0.0098,0.0062,0.0412,0.9274,0.0034,0.004,0.004,0.0038
JM0347.001,0.0078,0.0018,0.0028,0.9738,0.0018,0.0066,0.0048,0
JM0353.001,0.001,0,0.0904,0.901,0.0006,0.0006,0.006,0
JM0353.002,0.0152,0.0018,0.0688,0.9098,0.0006,0.0012,0.0018,0.001
JM0358.001,0.007,0.0012,0.0678,0.9164,0.001,0.0052,0.001,0
JM0361.001,0,0,0.0006,0.0006,0,0.998,0,0
JM0361.002,0.0004,0.0006,0.0158,0.001,0.0122,0.9686,0,0.001
JM0362.001,0,0,0.0408,0.0026,0.0014,0.9546,0,0
JM0362.002,0.0016,0.0006,0.084,0.0054,0.001,0.9066,0,0.0002
KMS005,0.926,0.0128,0.0054,0.0018,0.0048,0.0438,0.0048,0.0002
KMS008,0.9238,0.0072,0.004,0.001,0.0006,0.059,0.004,0.0002
KMS009,0.7754,0.0246,0.0008,0,0,0.198,0.0002,0
KMS011,0.9384,0.004,0.0224,0.0002,0.001,0.0336,0,0
KMS014,0.947,0.0174,0.0012,0.0096,0.0016,0.0208,0.0024,0.0002
KMS016,0.843,0.1342,0.0004,0.0072,0.0094,0.0018,0.0028,0.001
KMS018,0.8922,0.0108,0.0008,0,0,0.0956,0,0
KMS020,0.839,0.0362,0,0,0.0008,0.1234,0,0
KMS024,0.8196,0.0478,0.0016,0.0006,0.0004,0.1288,0,0.0008
KMS030,0.839,0.004,0.0012,0,0.0018,0.1516,0,0.002
KMS031,0.8954,0.0262,0.0006,0.0032,0.001,0.0724,0.001,0
KMS034,0.887,0.034,0.0044,0.0026,0.001,0.0678,0.0028,0.0004
KMS036,0.8768,0.0042,0.0014,0.0024,0.001,0.1098,0.0042,0
KMS037,0.5148,0.0072,0.0354,0.0022,0.0042,0.4362,0,0
KMS038,0.8902,0.0238,0.0012,0.001,0.0062,0.075,0.003,0.0002
KMS039,0.919,0.0032,0.0008,0.014,0.0022,0.0502,0.01,0.001
KMS040,0.907,0.0222,0.0006,0.0064,0.001,0.0588,0.003,0.0016
KMS042,0.9028,0.0196,0.0004,0,0.0006,0.076,0,0
KMS044,0.9478,0.0172,0.0014,0.0004,0,0.0226,0.009,0.001
KMS045,0.9378,0.007,0.0008,0.0056,0,0.0476,0,0.0008
KMS046,0.9174,0.0024,0.0016,0.0002,0.0024,0.073,0.002,0.001
KMS048,0.8882,0.0318,0.001,0.0098,0.0094,0.0546,0.003,0.0018
KMS049,0.9568,0.0056,0.0006,0.0064,0.0088,0.0208,0.001,0
KMS050,0.9444,0.01,0.0024,0.0054,0.0014,0.0338,0.002,0.0002
KMS051,0.8758,0.001,0.0012,0.0132,0,0.1074,0,0.0006
KMS053,0.0494,0.0012,0.0034,0.0092,0,0.0044,0.9238,0.0076
KMS054,0.8844,0.0024,0.001,0,0.002,0.1048,0.003,0.0026
KMS055,0.8578,0.0008,0.0008,0.017,0.0012,0.116,0.002,0.0052
KMS056,0.887,0.0016,0.0006,0.0054,0.0004,0.1024,0,0.0016
KMS058,0.8108,0.0018,0.0004,0.0048,0.001,0.1798,0.001,0
KMS059,0.766,0.0086,0.0156,0.0022,0.0022,0.2038,0.0002,0.0014
KMS060,0.9076,0,0,0.0014,0,0.0896,0,0
KMS061,0.7936,0.0102,0.001,0,0,0.1946,0.0004,0
KMS062,0.039,0.0064,0.0006,0.0118,0,0,0.936,0.0056
KMS063,0.8016,0.002,0.0016,0.001,0.0002,0.1746,0.0182,0.0008
KMS064,0.8548,0.0052,0.0016,0.0176,0.002,0.1128,0.006,0.0006
KMS065,0.8376,0.0016,0.0028,0.0086,0.001,0.1486,0,0
KMS066,0.916,0.0016,0,0.002,0.0014,0.0682,0.01,0
KMS067,0.7936,0.0086,0.0074,0.0018,0.0078,0.175,0.0058,0.001
KMS068,0.8622,0.0054,0.001,0.0068,0.0014,0.116,0.008,0
KMS069a,0.89,0.001,0,0,0.002,0.104,0.003,0
KMS070,0.9298,0.026,0,0.001,0,0.0414,0.0004,0.0002
KMS071,0.8488,0.0054,0.0126,0.0012,0.0018,0.1286,0,0.002
KMS072,0.88,0.058,0.0008,0,0.0244,0.0306,0.0016,0.005
KMS074,0.9822,0.002,0.0008,0.001,0.0056,0.004,0,0.0042
KMS075,0.9714,0.0006,0.0032,0.0054,0.0116,0.0052,0.002,0
KMS076,0.8026,0.1694,0.0216,0.0006,0.0024,0.0022,0.001,0.0002
KMS077,0.8254,0.1516,0.001,0.0048,0.0032,0.0122,0,0.001
KMS078,0.8388,0.149,0.0032,0.0022,0.0008,0.001,0.001,0.004
KMS079,0.8004,0.1576,0.0048,0.012,0.0068,0.005,0.007,0.007
KMS080,0.794,0.0192,0.0008,0,0,0.1856,0,0
KMS081,0.9074,0.0244,0.001,0.0166,0,0.0444,0.0036,0.0024
KMS082,0.917,0.0012,0.001,0.0016,0.0086,0.066,0.003,0.002
KMS083,0.8522,0.142,0.0008,0.0028,0,0.0016,0,0
KMS084,0.9304,0.0138,0.001,0,0.0028,0.0512,0,0.0004
KMS086,0.8394,0.1522,0.0002,0.004,0.0008,0.0002,0.0028,0
KMS087,0.956,0.0006,0.0012,0,0.0014,0.0382,0,0.0024
KMS089,0.838,0.1518,0.001,0.0042,0.0004,0.0016,0.002,0.001
KMS090,0.8754,0.0216,0.0018,0.0002,0,0.1002,0,0
KMS091,0.8662,0.1262,0.0006,0.0018,0,0,0.004,0
KMS092,0.8382,0.1484,0.0002,0.001,0.0008,0,0.0112,0
KMS093,0.8762,0.0478,0.002,0.005,0.001,0.0616,0.004,0.0018
KMS095,0.891,0.0118,0.0014,0.0026,0,0.092,0.001,0
KMS096,0.8864,0.0034,0.0012,0,0.001,0.1018,0.0048,0.0012
KMS097,0.8354,0.157,0.0042,0.001,0.001,0,0.001,0.0006
KMS098,0.9018,0.02,0.0022,0.0296,0.001,0.0396,0.002,0.0036
KMS099,0.7824,0.1868,0.0032,0.0012,0.0212,0.0026,0.0022,0
KMS100,0.8758,0.1198,0,0.003,0,0,0,0
KMS101,0.891,0.0248,0.002,0.0012,0.0014,0.0764,0.003,0
KMS102,0.8316,0.1602,0.0014,0,0.0018,0.001,0.0028,0.001
KMS103,0.8364,0.1434,0.001,0.0084,0.005,0.0002,0.005,0
KMS104,0.8168,0.1458,0.001,0.0024,0.002,0.0282,0.002,0.002
KMS105,0.8108,0.147,0.0008,0,0.0038,0.001,0.036,0
KMS107,0.8248,0.1552,0.0022,0.0008,0.0022,0.0092,0.0042,0.0008
KMS108,0.9096,0.0154,0.001,0.001,0.005,0.0548,0.006,0.008
KMS109,0.9326,0.0032,0.0082,0.0048,0.0026,0.0432,0.005,0.0002
KMS110,0.935,0.0244,0.0008,0,0.0008,0.0348,0.004,0.0004
KMS111,0.872,0.0098,0.0028,0.001,0.0016,0.104,0.004,0.0046
KMS112,0.9148,0.0054,0.001,0.001,0.001,0.0744,0,0.0022
KMS113,0.9358,0.0012,0.0014,0,0.001,0.0492,0.011,0
KMS115,0.9078,0.0214,0.0008,0,0.0006,0.0666,0.0018,0
KMS116,0.8226,0.0252,0.0046,0.0016,0.0024,0.1352,0.006,0.0026
KMS117,0.8704,0.0184,0.0008,0.001,0.0008,0.1038,0.004,0.0014
KMS118,0.9032,0.032,0.007,0.0022,0.0102,0.0358,0,0.0092
KMS119,0.9112,0.0118,0.0074,0,0.0088,0.0588,0.001,0.001
KMS120,0.9428,0.0024,0.0006,0,0.001,0.0522,0.001,0
KMS121,0.9398,0.0058,0.0136,0.0026,0.001,0.0376,0,0
KMS123,0.9042,0.0364,0.001,0,0.0008,0.0532,0.004,0
KMS124,0.9154,0.031,0.002,0.001,0.001,0.045,0.004,0.0002
KMS125,0.919,0.018,0.001,0.0042,0.0064,0.05,0.001,0
KMS126,0.917,0.031,0.0002,0.0012,0.0014,0.0446,0.003,0.002
KMS127,0.9222,0.0342,0.0004,0,0,0.042,0,0
KMS128,0.96,0.0008,0,0.0016,0,0.037,0,0
KMS129,0.9214,0.003,0.0008,0.0012,0.0024,0.0692,0.0004,0.001
KMS130,0.8862,0.012,0.0102,0.0086,0.0034,0.0752,0.0036,0.0004
KMS131,0.8866,0.0104,0.0024,0.005,0.001,0.0906,0.004,0
KMS132,0.9128,0.016,0.0018,0.0026,0.0066,0.0556,0.0026,0.0032
KMS133,0.9192,0.0062,0.0048,0.0068,0.001,0.06,0.0014,0.001
KMS134,0.9302,0.0018,0.0026,0.0084,0.0012,0.0534,0.002,0.0002
KMS135,0.9226,0.0184,0.0014,0.001,0.001,0.0552,0,0
KMS136,0.9302,0.002,0,0.0002,0.0014,0.0608,0.004,0.0012
KMS137,0.875,0.0096,0.0014,0.001,0.001,0.1114,0,0
KMS138,0.9624,0.001,0.0044,0.0004,0,0.0288,0.0012,0.0016
KMS139,0.9452,0.0018,0.001,0.0062,0.0006,0.0434,0.001,0
KMS140,0.8584,0.0326,0,0.0006,0.0002,0.1076,0,0
KMS141,0.939,0.0226,0,0.001,0.0006,0.0354,0,0.0002
KMS142,0.9132,0.0282,0.0008,0.0112,0.0006,0.0424,0.002,0.0014
KMS143,0.9088,0.0448,0.004,0.0002,0.0068,0.0334,0.0006,0.001
KMS144,0.955,0.0098,0,0,0.0006,0.034,0.0008,0
KMS145-6,0.958,0.001,0,0,0,0.041,0,0
KMS147,0.9112,0.037,0.0002,0,0.001,0.05,0,0
KMS148-9,0.926,0.015,0.001,0.001,0,0.056,0,0
KMS150,0.902,0.0312,0,0,0.002,0.0624,0,0.0014
KMS151,0.9654,0.0014,0.0006,0,0,0.032,0,0
KMS152,0.9202,0.0226,0.0008,0,0.001,0.0524,0.0022,0
KMS154,0.8938,0.0238,0.0002,0.0034,0,0.0744,0.0026,0.0012
KMS156,0.9544,0.0078,0.0046,0.0012,0.004,0.0268,0,0
KMS158,0.8854,0.0336,0.0186,0,0.0042,0.0498,0.006,0.0022
KMS159,0.9258,0.002,0.0014,0.0062,0.001,0.063,0.0002,0.0004
KMS160-1,0.986,0,0.001,0.001,0,0.005,0.006,0
KMS162,0.9378,0.0046,0.0006,0.0028,0.001,0.0524,0,0.0004
KMS163,0.921,0.0278,0.0068,0,0,0.0422,0,0.001
KMS164,0.9574,0.007,0,0,0.0012,0.0326,0,0.0004
KMS165,0.9388,0.0044,0.0008,0,0.001,0.0542,0,0.0002
KMS166,0.9138,0.0438,0.0038,0,0.001,0.0328,0.005,0.0002
KMS167,0.8614,0.042,0.0058,0.0122,0.0022,0.0716,0.0038,0.0016
KMS168,0.961,0.0018,0,0,0,0.036,0,0
KMS169,0.9258,0.0214,0.0004,0.001,0.0034,0.0466,0.0008,0.001
KMS170,0.9228,0.0142,0.0084,0.0042,0.0032,0.0428,0.004,0
KMS171-2,0.946,0.001,0.001,0,0.003,0.045,0,0.004
KMS174,0.9236,0.017,0.0012,0,0.001,0.0558,0.001,0
KMS175,0.9464,0.001,0.0004,0,0.0022,0.049,0,0
KMS176,0.92,0.025,0.0016,0.0022,0.0064,0.0428,0.001,0.001
KMS177,0.8778,0.0054,0.001,0.0302,0.003,0.0826,0,0
KMS201,0.921,0.0028,0.0006,0,0.0004,0.059,0.012,0.0036
KMS203,0.885,0.0352,0.0004,0,0,0.0788,0,0
KMS204,0.9428,0.0082,0.0012,0,0.0048,0.042,0.001,0
KMS205,0.941,0.0148,0.0006,0.001,0,0.0406,0.002,0
KMS206,0.9646,0,0.0012,0.0012,0.0006,0.0308,0.0012,0
KMS207-8,0.943,0.018,0,0,0.001,0.034,0.002,0.001
KMS209-10,0.961,0.019,0.001,0,0.001,0.018,0,0
KMS211-3,0.955,0.003,0,0.001,0.001,0.034,0.006,0
KMS215,0.8784,0.015,0.0012,0.0088,0.0046,0.0848,0.0028,0.0048
KMS216-21,0.919,0,0,0,0,0.08,0,0
KMS223-6,0.897,0.003,0,0.004,0.001,0.095,0,0
KMS227-30,0.925,0,0.001,0,0.001,0.071,0,0
KMS231,0.885,0.0416,0.0004,0.0016,0.0004,0.0628,0.008,0
KMS233,0.8956,0.0322,0.0014,0.0016,0.0018,0.0664,0,0.001
KMS234-5,0.982,0.001,0,0.003,0.001,0.009,0.003,0.001
KMS236-41,0.998,0.001,0,0,0,0,0,0
KMS243-7,0.982,0,0.002,0,0,0.014,0,0
KMS248-9,0.952,0.003,0.001,0,0.007,0.029,0.006,0.002
KY-2009-001-B20-b,0.0292,0.0176,0.3196,0.079,0.041,0.5004,0.0036,0.0098
KY-2009-001-B20-e,0.0236,0.0174,0.3398,0.0662,0.05,0.4864,0.0036,0.0124
KY-2009-001-C,0.0202,0.0202,0.327,0.0642,0.0348,0.5238,0.0042,0.0058
KY-2009-001-D,0.0412,0.0166,0.329,0.0774,0.0538,0.4526,0.0146,0.0146
Morioka,0,0,0,1,0,0,0,0
NC-2010-001-009,0.0314,0.0156,0.2578,0.0418,0.0388,0.5956,0.0048,0.0138
NC-2010-001-010,0.0252,0.0138,0.2772,0.0444,0.0388,0.5796,0.0054,0.0152
NC-2010-001-5-B18-a,0.03,0.012,0.222,0.021,0.05,0.643,0.008,0.014
NC-2010-001-5-B18-b,0.02,0.007,0.271,0.019,0.043,0.629,0.003,0.006
NC-2010-001-5-C,0.029,0.015,0.259,0.05,0.052,0.574,0.007,0.015
NC-2010-001-B,0.0226,0.014,0.2284,0.0152,0.0342,0.6642,0.0026,0.0188
NC-2010-001-B44-e,0.03,0.018,0.231,0.023,0.037,0.64,0.008,0.013
NC-2010-002-001,0.0354,0.0122,0.2078,0.0148,0.0454,0.6458,0.031,0.0078
NC-2010-002-002,0.0186,0.0088,0.2516,0.0246,0.0342,0.65,0.0022,0.01
NC-2010-003-001,0.0254,0.0072,0.2616,0.0312,0.041,0.6106,0.0128,0.0102
NC-2010-003-B50-a,0.043,0.015,0.213,0.019,0.041,0.653,0.004,0.012
NC-2010-003-B50-b,0.03,0.015,0.205,0.025,0.036,0.659,0.015,0.014
NC-2010-003-D,0.0198,0.0144,0.2312,0.0242,0.0428,0.6488,0.0036,0.015
NC-2010-003-E,0.0298,0.0188,0.2566,0.0376,0.049,0.5924,0.0054,0.0114
NC-2010-004-B37-b,0.015,0.005,0.375,0.067,0.033,0.498,0.003,0.004
NC-2010-004-B37-d,0.024,0.011,0.243,0.039,0.048,0.606,0.007,0.021
NC-2010-004-E,0.0248,0.0098,0.2958,0.0444,0.0538,0.5544,0.0068,0.0102
OH-2009-001-B20-b,0.031,0.015,0.317,0.059,0.039,0.525,0.005,0.009
OH-2009-001-B20-d,0.031,0.015,0.302,0.067,0.048,0.521,0.008,0.009
PA-2010-001-005,0.0312,0.0114,0.3646,0.0838,0.048,0.4418,0.0108,0.0078
PA-2010-001-B63-a,0.03,0.017,0.337,0.093,0.045,0.457,0.009,0.012
PA-2010-001-B63-c,0.016,0.012,0.367,0.098,0.044,0.435,0.017,0.01
PA-2010-002-004,0.0212,0.0068,0.419,0.1404,0.0202,0.3792,0.0048,0.0078
PA-2010-002-013,0.0204,0.0128,0.4376,0.0906,0.0438,0.3756,0.0082,0.0112
PA-2010-002-015,0.023,0.0116,0.4224,0.0986,0.0378,0.3962,0.0032,0.0068
PA-2010-002-B3-b,0.02,0.008,0.399,0.098,0.04,0.423,0.003,0.01
PA-2010-002-B3-d,0.038,0.013,0.226,0.018,0.036,0.651,0.006,0.012
PA-2010-002-E,0.0194,0.011,0.4108,0.1228,0.043,0.3718,0.007,0.0148
PA-2010-003-B20-b,0.027,0.012,0.369,0.132,0.038,0.397,0.012,0.012
PA-2010-003-B20-c,0.018,0.012,0.431,0.121,0.035,0.37,0.006,0.008
PI230189-US56-0022-03,0,0,0.002,0.004,0.881,0.001,0.012,0.1
PI294602-US64-0004-02,0.001,0.001,0.007,0.019,0.848,0.026,0.018,0.08
PI294605-US64-0007-01,0.001,0,0.32,0.042,0.387,0.185,0.005,0.06
PI295762,0.0002,0.0118,0.0008,0,0.8622,0,0.043,0.0816
PI295764-Gracillimus,0,0,0.004,0.008,0.892,0.003,0.005,0.087
PI302423-US64-0016-03,0.001,0,0.065,0.012,0.808,0.018,0.007,0.089
PI417947-NG77-022,0,0.001,0.035,0,0.841,0.002,0.037,0.082
PI423566-M75-062,0,0,0.017,0.007,0.84,0.053,0.01,0.071
PMS-005,0.0302,0.1958,0.003,0.023,0.2478,0.001,0,0.4988
PMS-007,0.0486,0.55,0,0.0008,0.118,0.0028,0.003,0.2768
PMS-008,0.0342,0.5046,0.001,0,0.1206,0.0062,0.0018,0.3314
PMS-009,0.0316,0.2014,0.002,0.001,0.1108,0.0222,0.007,0.6238
PMS-014,0.0298,0.0758,0.0006,0.0104,0.1276,0.0014,0.005,0.7488
PMS-018,0.015,0.0326,0.0014,0.0028,0.042,0.0118,0.0054,0.8892
PMS-038,0.0034,0.1374,0.002,0.0062,0.0094,0.0034,0.01,0.8278
PMS-044,0.0026,0.009,0.0014,0.0012,0.0018,0.0014,0.0052,0.9776
PMS-047,0.0028,0.0144,0.0004,0.0224,0.0016,0.0002,0,0.9576
PMS-049,0.001,0.0324,0.004,0.0304,0.0126,0.005,0.0024,0.9124
PMS-053,0.001,0.0654,0.0012,0.001,0.017,0.001,0.004,0.9106
PMS-054,0.0094,0.031,0.0006,0.0182,0.0292,0.0004,0.001,0.9102
PMS-055,0.0008,0.0544,0.0046,0.0148,0.004,0.001,0.0174,0.903
PMS-058,0.0116,0.0354,0,0.0084,0.038,0.0026,0.004,0.899
PMS-071,0,0,0.0008,0.0044,0.0004,0.0002,0.9912,0.0022
PMS-074,0,0,0,0,0,0,1,0
PMS-075,0.005,0.0018,0.0116,0.002,0.0006,0.001,0.9764,0.0014
PMS-076,0,0,0,0.0048,0,0,0.9932,0
PMS-077,0.0008,0.002,0.0006,0.001,0,0.0014,0.9908,0.004
PMS-080,0.0754,0.6732,0.0006,0,0.0816,0,0.0048,0.1642
PMS-081,0.055,0.6128,0,0.0034,0.0802,0.0034,0,0.245
PMS-086,0.0074,0.7914,0.0008,0,0.0012,0.0038,0.004,0.191
PMS-087,0.0598,0.7428,0.006,0.0306,0.0014,0.0074,0.004,0.1476
PMS-089,0.0012,0.7586,0,0.041,0.0002,0.0066,0.002,0.19
PMS-093,0.0154,0.956,0.0008,0.0028,0.0104,0.0036,0.007,0.0038
PMS-094,0.0112,0.9696,0.0002,0.0066,0.0032,0.0012,0,0.0078
PMS-101,0.0226,0.9468,0.0022,0.0254,0.001,0,0,0.001
PMS-102,0.0172,0.9632,0.0004,0.0082,0.0002,0,0.003,0.008
PMS-107,0.0282,0.9032,0.0008,0.0346,0.0184,0.0074,0.0042,0.003
PMS-108,0.015,0.9548,0.0038,0.004,0.0016,0.0042,0.004,0.0126
PMS-110,0.0342,0.9198,0.0036,0.0022,0.001,0.0014,0.01,0.028
PMS-111,0,0.5,0,0,0,0,0.474,0.0256
PMS-115,0.0012,0.9352,0.0016,0.003,0.003,0.004,0,0.0522
PMS-116,0.0234,0.9164,0.0004,0.0134,0.0024,0.0028,0,0.041
PMS-117,0.013,0.9352,0,0,0.0036,0,0.0032,0.0446
PMS-118,0.0016,0.843,0.0002,0.0018,0.003,0.001,0.009,0.1402
PMS-120,0.0228,0.8228,0.0008,0,0.0016,0.0008,0.003,0.1484
PMS-121,0.0064,0.9214,0.0002,0,0.0014,0.001,0.001,0.068
PMS-122,0.001,0.984,0,0,0.0004,0,0,0.014
PMS-124,0.0014,0.9232,0,0,0.0008,0.0064,0.001,0.0672
PMS-125,0.007,0.959,0,0,0.0002,0,0,0.033
PMS-127,0.0618,0.918,0.0018,0.0044,0.0126,0,0,0.001
PMS-129,0.0396,0.9508,0.0018,0.001,0.001,0.002,0.004,0
PMS-130,0.0014,0.997,0,0,0,0,0,0
PMS-131,0.001,0.992,0,0,0,0.0016,0.004,0.001
PMS-133,0.002,0.9766,0.0004,0.0026,0,0.0008,0.0066,0.0106
PMS-134,0.0042,0.964,0.001,0.0028,0.0004,0.0038,0.0144,0.01
PMS-136,0.0196,0.9126,0.0016,0.0134,0.0302,0.0142,0.006,0.002
PMS-140,0.02,0.9756,0,0.001,0,0.0012,0.002,0
PMS-144,0.0072,0.9422,0.0212,0.0028,0.0008,0.0086,0.0048,0.0126
PMS-151,0.009,0.9784,0.0004,0.001,0.0014,0.004,0.0028,0.003
PMS-156,0.0054,0.9882,0.0014,0.001,0.001,0.0006,0.002,0
PMS-159,0.0212,0.949,0.001,0.0156,0.003,0.0004,0.008,0.0014
PMS-161,0.0062,0.9812,0.0002,0.0042,0.0004,0.0028,0.005,0
PMS-162,0,0.5036,0,0,0,0,0.4692,0.027
PMS-163,0.0322,0.9364,0.0012,0.0004,0.003,0.0016,0.0228,0.0024
PMS-164,0.304,0.6212,0.0076,0.0114,0.0002,0.0046,0.0252,0.025
PMS-165,0.3318,0.6488,0.0124,0.001,0.0002,0.0022,0.002,0.002
PMS-167,0.3444,0.6514,0,0,0.001,0.0002,0.002,0
PMS-169,0.0064,0.9794,0.0016,0.0052,0,0.0032,0.003,0
PMS-170,0.002,0.9914,0.0002,0,0,0,0.006,0
PMS-171,0.0018,0.9818,0.0004,0.0014,0,0.0004,0.0074,0.006
PMS-172,0.028,0.9318,0.0018,0.0126,0.0028,0.0044,0.014,0.0046
PMS-174,0.0352,0.9488,0.0046,0.003,0.001,0.0012,0.004,0.002
PMS-176,0.0088,0.9886,0,0,0.0004,0.001,0,0.001
PMS-178,0.0044,0.989,0,0.0016,0.0008,0.0024,0.001,0.001
PMS-180,0.305,0.606,0.004,0.0132,0.0706,0.0012,0,0
PMS-182,0.0782,0.2784,0.0002,0,0.6406,0.0004,0.001,0.001
PMS-183,0.269,0.5982,0.0002,0.0188,0.1096,0.0006,0.003,0
PMS-184,0.2802,0.5748,0.0016,0.0018,0.138,0.0002,0.002,0.0006
PMS-189,0.2902,0.6056,0.001,0,0.1026,0,0,0
PMS-194,0.2546,0.6256,0.0012,0.0086,0.1076,0.0018,0,0
PMS-204,0.248,0.5806,0.0006,0,0.1688,0.0002,0.001,0
PMS-211,0.054,0.2444,0.0012,0.0228,0.675,0.001,0,0.0012
PMS-212,0.016,0.0598,0.005,0.001,0.286,0.0074,0.0188,0.6062
PMS-213,0.0086,0.0306,0.0018,0.0174,0.2274,0.0206,0,0.6934
PMS-218,0.0008,0.029,0.0014,0.0104,0.1244,0.0364,0.001,0.7966
PMS-223,0.0026,0.001,0.0012,0.033,0.1324,0.0014,0.0042,0.8244
PMS-224,0,0,0.0076,0.0064,0.0964,0,0.0016,0.8872
PMS-231,0,0,0.0016,0.0158,0.0412,0.0058,0.0024,0.932
PMS-232,0.001,0,0,0.001,0.0126,0.0078,0.011,0.9664
PMS-235,0.0012,0,0.0166,0.0038,0.027,0.0026,0,0.948
PMS-257,0,0,0.0006,0,0.327,0.0136,0.003,0.6546
PMS-259,0.002,0.0006,0.0068,0.002,0.276,0.0102,0.009,0.6934
PMS-270,0,0,0,0,0.3268,0,0,0.6716
PMS-272,0.189,0.4442,0.0016,0.001,0.325,0.0238,0.0158,0
PMS-273,0.21,0.429,0.0014,0.0012,0.328,0.028,0.0012,0.001
PMS-279,0,0,0,0,0.3976,0,0.5694,0.0318
PMS-284,0.1688,0.409,0.002,0.001,0.3484,0.026,0.044,0
PMS-285,0.2016,0.398,0.0278,0.0014,0.3458,0.0244,0.001,0
PMS-288,0.2828,0.4412,0.0024,0.0026,0.2566,0.0014,0.013,0
PMS-293,0.0604,0.1576,0.0488,0.0152,0.592,0.0844,0.0008,0.041
PMS-296,0.4814,0.3774,0,0,0.128,0,0.012,0
PMS-300,0.201,0.2954,0.0002,0,0.0228,0.0002,0.4792,0
PMS-303,0.3442,0.4084,0.002,0,0.2438,0.0004,0,0.0004
PMS-304,0.3084,0.4462,0.0002,0.0024,0.2396,0.0022,0,0.001
PMS-306,0.3042,0.4518,0.0028,0.012,0.2272,0.0018,0,0
PMS-308,0.299,0.4256,0.003,0,0.251,0.0064,0.0016,0.0134
PMS-311,0.2304,0.409,0.0016,0.001,0.3538,0.0014,0.002,0.001
PMS-314,0.3878,0.4556,0.008,0.002,0.1332,0.0004,0.011,0.0018
PMS-317,0.046,0.185,0.04,0.0002,0.6602,0.0658,0,0.0022
PMS-318,0.0636,0.175,0.0644,0.0016,0.6292,0.0574,0.0016,0.0072
PMS-321,0.0496,0.1716,0.035,0.0006,0.6496,0.092,0,0.001
PMS-322,0.0434,0.1518,0.0318,0.001,0.6174,0.146,0.001,0.0082
PMS-323,0.0484,0.1676,0.0044,0.0016,0.6416,0.1234,0.0124,0.0008
PMS-327,0.0114,0.1292,0.0046,0.0012,0.7196,0.0706,0.001,0.0626
PMS-329,0.0376,0.143,0.0004,0.0202,0.7916,0.0004,0.0068,0.0006
PMS-330,0.0014,0.1114,0.0014,0,0.7902,0.0626,0,0.0328
PMS-331,0.007,0.0786,0.0142,0.0012,0.7952,0.0406,0.02,0.0436
PMS-332,0.0048,0.0888,0.021,0.008,0.8376,0.0204,0,0.0186
PMS-333,0.0022,0.0852,0.0008,0,0.762,0.0902,0,0.0588
PMS-335,0.0956,0.244,0.0052,0.0424,0.5666,0.0258,0.0006,0.0192
PMS-336,0.0766,0.2682,0.0158,0.002,0.6234,0.0074,0.005,0.0016
PMS-337,0.0864,0.2232,0.0282,0.0014,0.6376,0.005,0.001,0.0174
PMS-338,0.0904,0.2036,0.003,0.001,0.6976,0.001,0.0014,0.0022
PMS-339,0.0404,0.1518,0.0006,0.0014,0.788,0.0144,0.0018,0.001
PMS-340,0.036,0.172,0.007,0.0028,0.7014,0.0506,0.006,0.0244
PMS-341,0.043,0.1342,0.0218,0.0094,0.7546,0.0304,0.0056,0.0016
PMS-342,0.0038,0.1566,0.0002,0.0008,0.8024,0.035,0,0.0008
PMS-343,0.052,0.099,0.001,0.003,0.8238,0.0094,0.0014,0.0112
PMS-345,0.0008,0.0674,0.0044,0.0092,0.8222,0.053,0.009,0.0342
PMS-347,0.007,0.068,0.0048,0.025,0.8302,0.0314,0.004,0.0298
PMS-349,0.0938,0.178,0.001,0.0098,0.7166,0,0,0.001
PMS-350,0.012,0.075,0.0114,0.001,0.8558,0.0026,0.0072,0.034
PMS-352,0.0004,0.0628,0.0036,0.0102,0.8804,0.0032,0,0.0392
PMS-353,0.0024,0.1018,0.0024,0.0222,0.8426,0.0028,0.001,0.0242
PMS-354,0.007,0.0772,0.001,0.01,0.8334,0.0416,0.0008,0.0292
PMS-359,0.0044,0.0838,0.0014,0,0.762,0.03,0.0078,0.1104
PMS-364a,0.003,0.023,0,0,0.811,0.047,0,0.116
PMS-368,0.0024,0.0136,0.0008,0.002,0.6382,0.026,0.0052,0.3116
PMS-371,0.001,0.0042,0.0008,0.0004,0.6606,0.001,0,0.3322
PMS-372,0.0002,0.001,0.0048,0.0026,0.686,0.003,0.001,0.3016
PMS-375,0.004,0.0228,0.0012,0,0.6502,0.001,0.005,0.3166
PMS-381,0.0022,0.013,0.0022,0.0018,0.7044,0.0062,0.0006,0.2696
PMS-384,0.0014,0.011,0.0016,0.012,0.6378,0.0272,0.007,0.3018
PMS-389,0.0008,0.0194,0,0.0056,0.484,0.005,0.003,0.4816
PMS-392,0.0068,0.054,0.005,0.0016,0.9046,0.0016,0.025,0.0018
PMS-396,0.0122,0.0484,0.005,0.0006,0.5246,0.0176,0.018,0.374
PMS-397,0.0042,0.0578,0.0012,0.0032,0.6072,0.0208,0.0102,0.2958
PMS-398,0.0014,0.0614,0.0048,0.004,0.6134,0.0224,0.001,0.2918
PMS-399,0.0022,0.0802,0.0004,0.001,0.5862,0.0018,0,0.3282
PMS-400,0.0014,0.0512,0.0006,0,0.6244,0.0002,0,0.3212
PMS-403,0.0052,0.054,0.0252,0.0012,0.6168,0.0004,0.0012,0.2956
PMS-404,0.0014,0.0688,0.0026,0.005,0.597,0.0248,0.001,0.2996
PMS-405,0.0458,0.2768,0.0004,0.0076,0.5042,0.0036,0.004,0.1572
PMS-406,0.093,0.2236,0.0012,0.0024,0.5194,0.0012,0,0.1594
PMS-407,0.07,0.259,0,0,0.5174,0,0.0004,0.1526
PMS-409,0.0682,0.2112,0.0018,0.0016,0.5364,0.001,0,0.1796
PMS-410,0.0728,0.178,0.001,0,0.5192,0.001,0.003,0.2248
PMS-411,0.061,0.1878,0.0062,0.0026,0.5432,0.0106,0.0026,0.1862
PMS-412,0.0484,0.2716,0,0,0.5422,0.001,0,0.1366
PMS-413,0.0716,0.2254,0.001,0,0.5264,0.0012,0.0082,0.1662
PMS-414,0.0938,0.213,0.0008,0,0.5196,0.001,0,0.1718
PMS-416,0.01,0.1378,0.0008,0,0.4774,0.0016,0.024,0.3482
PMS-418,0.0084,0.1364,0.0252,0.001,0.4414,0.0112,0.008,0.3686
PMS-424,0.0296,0.1942,0.001,0.0002,0.4102,0.0132,0.003,0.3484
PMS-425,0.207,0.479,0.0052,0.0084,0.2876,0.0116,0.001,0
PMS-427,0.204,0.5202,0.001,0.0004,0.2734,0.0004,0,0
PMS-430,0.0006,0.001,0,0,0.418,0,0.5578,0.0226
PMS-433,0.2252,0.4858,0.0048,0.0066,0.2448,0.0022,0.029,0.0018
PMS-436,0.7774,0.2092,0.002,0.0014,0.0064,0.0026,0,0.0004
PMS-438,0.7632,0.2074,0.001,0.0052,0.016,0.0032,0.0028,0.0012
PMS-444,0.0358,0.048,0.002,0.0034,0.8488,0.0226,0.0008,0.0384
PMS-445,0.001,0.068,0.0072,0,0.8206,0.046,0.0048,0.0522
PMS-447,0.0008,0.0624,0.0052,0.01,0.7984,0.0744,0.001,0.0482
PMS-458,0.0152,0,0,0.005,0,0.0026,0.9762,0.0006
PMS-459,0.4114,0.104,0,0,0.0006,0,0.482,0.001
PMS-460,0.0018,0.802,0.0008,0.0096,0.001,0.0008,0.006,0.178
PMS-464,0.7288,0.236,0.0032,0.0016,0.0242,0.0016,0.004,0.0002
PMS-466,0.7612,0.1946,0.0074,0.0056,0.0214,0.001,0.005,0.0038
PMS-467-8,0.398,0.105,0,0,0,0,0.496,0.001
PMS-474,0.0038,0.2688,0.0002,0,0.0048,0.0014,0,0.7206
PMS-475,0.0316,0.3044,0.0022,0.0024,0.0056,0,0.006,0.6478
PMS-496,0.8266,0.146,0,0,0.0244,0.0002,0.002,0.0004
PMS-504,0.7966,0.1938,0.001,0,0.005,0.0018,0.001,0.001
PMS-510,0.767,0.2098,0.0006,0.004,0.0012,0.0002,0.013,0.0036
PMS-511,0.7758,0.2188,0.0002,0,0.003,0,0.001,0.001
PMS-512,0.0078,0.0002,0,0,0,0,0.9912,0
PMS-521,0.001,0.131,0,0.0008,0.0048,0,0,0.8618
PMS-526,0.001,0.2316,0.0028,0.0024,0.0672,0.0008,0.0008,0.6938
PMS-533,0.1704,0.3732,0.0006,0.0032,0.1818,0.001,0.263,0.007
PMS-535,0.0016,0.4434,0.012,0.0006,0.0798,0.0052,0.0086,0.4488
PMS-541,0.0064,0.3148,0.0018,0.001,0.1234,0.0012,0.005,0.546
PMS-543,0.001,0.3262,0.0076,0.0004,0.1344,0.0008,0.001,0.5286
PMS-544,0.0418,0.3772,0.0038,0.0002,0.2608,0.0386,0.0008,0.2772
PMS-546,0.011,0.0024,0.0012,0.01,0.0788,0.0008,0.012,0.8844
PMS-555,0.033,0.158,0.001,0.0004,0.2204,0.001,0.005,0.5816
PMS-557,0.001,0.1802,0.0012,0.0032,0.353,0.0248,0,0.437
PMS-558,0.0026,0.1534,0.0022,0.0036,0.449,0.0016,0,0.3878
PMS-571,0.0274,0.1098,0.001,0,0.6038,0.0008,0.001,0.2562
PMS-574,0.041,0.0304,0.0006,0.001,0.4828,0.0182,0.0082,0.4176
PMS-576,0.0032,0.0628,0.0002,0.0122,0.4588,0.0012,0.0004,0.4604
PMS-586,0.0158,0.0374,0,0,0.2342,0,0.001,0.7112
PMS-589,0.0028,0.1436,0.0012,0.0008,0.4732,0.0022,0.006,0.37
PMS-601,0.3622,0.447,0.001,0.001,0.1864,0.0012,0.0016,0
PMS-602,0.2988,0.4652,0.0132,0.001,0.205,0.0136,0.0006,0.0026
PMS-605,0.3508,0.4618,0.001,0.0056,0.179,0.0002,0.001,0
PMS-606,0.3418,0.4484,0.0008,0.0014,0.2062,0.0008,0,0
PMS-607,0.364,0.4658,0.002,0,0.166,0.0002,0,0.001
PMS-610,0.36,0.4652,0.0036,0.0006,0.17,0,0,0
PMS-614,0.2802,0.4772,0.0336,0.001,0.195,0.0012,0.008,0.0044
Shiozuka,0,0,0.8,0.1,0,0.1,0,0
UI10-00008-Hortico,0.001,0.001,0.001,0.001,0.001,0.001,0.993,0.001
UI10-00012-Cabaret,0.003,0.007,0.715,0.038,0.006,0.225,0.004,0.003
UI10-00015-Cosmopolitan,0.003,0.007,0.664,0.054,0.018,0.252,0.001,0.002
UI10-00017-condensatus,0.033,0.013,0.288,0.052,0.038,0.563,0.002,0.011
UI10-00019-purpurascens,0.409,0.012,0.001,0.001,0.001,0.001,0.571,0.003
UI10-00020-Adagio,0.023,0.005,0.176,0.027,0.104,0.656,0.002,0.008
UI10-00021-Allegro,0.138,0.024,0.2,0.174,0.026,0.27,0.161,0.007
UI10-00022-Altweibersommer,0.013,0.002,0.715,0.12,0.003,0.139,0.005,0.002
UI10-00023-Andante,0.041,0.016,0.402,0.129,0.032,0.317,0.056,0.007
UI10-00024-Arabesque,0.02,0.009,0.207,0.021,0.06,0.672,0.006,0.005
UI10-00025-Autumn-Light,0.032,0.014,0.241,0.029,0.038,0.628,0.006,0.013
UI10-00026-Ben-Graz,0.07,0.015,0.338,0.153,0.029,0.326,0.057,0.012
UI10-00027-Ben-Rotkopf,0.089,0.028,0.251,0.055,0.038,0.373,0.152,0.015
UI10-00028-Berlin,0.007,0.006,0.693,0.091,0.037,0.163,0.002,0.002
UI10-00029-Bitsy-Ben,0.045,0.012,0.164,0.278,0.032,0.349,0.11,0.009
UI10-00030-Blondo,0.011,0.005,0.804,0.07,0.019,0.085,0.003,0.004
UI10-00031-Bluetenwunder,0.129,0.018,0.152,0.289,0.03,0.266,0.107,0.01
UI10-00032-Bodacious-Ben,0.023,0.01,0.474,0.208,0.029,0.232,0.012,0.011
UI10-00033-Border-Bandit,0.021,0.012,0.35,0.084,0.037,0.476,0.005,0.015
UI10-00035-Burgander,0.213,0.038,0.099,0.019,0.036,0.337,0.249,0.01
UI10-00036-Dixieland,0.041,0.013,0.198,0.029,0.044,0.657,0.008,0.01
UI10-00038-Emerald-Shadow,0.009,0.007,0.657,0.057,0.024,0.237,0.004,0.006
UI10-00039-Emmanuel-LePage,0.098,0.022,0.102,0.094,0.295,0.244,0.101,0.046
UI10-00040-Ferner-Osten,0.166,0.026,0.138,0.14,0.04,0.294,0.188,0.009
UI10-00042-Giraffe,0.135,0.028,0.21,0.164,0.026,0.268,0.16,0.009
UI10-00043-Gold-and-Silver,0.023,0.007,0.232,0.023,0.063,0.622,0.009,0.02
UI10-00044-Gold-Bar,0.049,0.032,0.428,0.129,0.042,0.241,0.068,0.01
UI10-00045-Goldfeder,0.009,0.005,0.821,0.069,0.031,0.06,0.004,0.001
UI10-00047-Goliath,0.08,0.027,0.142,0.302,0.026,0.292,0.122,0.008
UI10-00048-Gracillimus,0.035,0.014,0.232,0.027,0.043,0.628,0.007,0.014
UI10-00051-Gracillimus-Nana,0.025,0.01,0.227,0.018,0.057,0.644,0.006,0.013
UI10-00052-Graziella,0.046,0.013,0.163,0.276,0.036,0.342,0.114,0.01
UI10-00053-Grosse-Fontaine,0.019,0.009,0.213,0.234,0.027,0.483,0.004,0.011
UI10-00054-Haiku,0.009,0.009,0.795,0.084,0.007,0.088,0.003,0.006
UI10-00056-Huron-Blush,0.041,0.018,0.451,0.201,0.036,0.169,0.078,0.006
UI10-00057-Huron-Sentinel,0.115,0.02,0.141,0.218,0.044,0.297,0.153,0.014
UI10-00058-Huron-Sunrise,0.095,0.014,0.183,0.203,0.041,0.307,0.148,0.009
UI10-00060-July,0.016,0.007,0.326,0.295,0.025,0.32,0.003,0.007
UI10-00061-Kaskade,0.03,0.011,0.211,0.211,0.036,0.481,0.007,0.012
UI10-00062-Kirk-Alexander,0.011,0.008,0.437,0.093,0.028,0.407,0.004,0.011
UI10-00063-Kleine-Fontaine,0.07,0.015,0.204,0.123,0.015,0.522,0.044,0.007
UI10-00064-Kleine-Silberspinne,0.115,0.008,0.159,0.016,0.055,0.516,0.123,0.008
UI10-00065-Little-Kitten,0.031,0.003,0.204,0.061,0.099,0.578,0.008,0.015
UI10-00066-Little-Nickey,0.018,0.028,0.362,0.105,0.028,0.447,0.004,0.008
UI10-00067-Little-Zebra,0.048,0.012,0.225,0.04,0.068,0.489,0.102,0.016
UI10-00070-Minuette,0.08,0.01,0.352,0.093,0.035,0.354,0.067,0.008
UI10-00071-Morning-Light,0.028,0.013,0.236,0.031,0.036,0.632,0.009,0.014
UI10-00072-Mt-Washington,0.125,0.016,0.086,0.004,0.078,0.32,0.366,0.003
UI10-00073-Mysterious-Maiden,0.078,0.019,0.321,0.055,0.024,0.444,0.046,0.013
UI10-00074-Nippon,0.19,0.023,0.15,0.14,0.026,0.279,0.188,0.006
UI10-00075-November-Sunset,0.031,0.017,0.335,0.064,0.03,0.508,0.005,0.011
UI10-00078-Puenktchen,0.1,0.02,0.257,0.056,0.03,0.364,0.157,0.016
UI10-00079-Rigoletto,0.039,0.017,0.196,0.043,0.047,0.626,0.017,0.014
UI10-00080-Roland,0.005,0.003,0.728,0.139,0.035,0.082,0.005,0.004
UI10-00081-Roter-Pfeil,0.148,0.019,0.149,0.172,0.023,0.322,0.159,0.009
UI10-00082-Rotsilber,0.074,0.013,0.204,0.125,0.014,0.518,0.046,0.006
UI10-00083-Sarabande,0.033,0.007,0.236,0.022,0.057,0.619,0.003,0.022
UI10-00084-Silberfeder,0.041,0.014,0.19,0.031,0.049,0.654,0.009,0.013
UI10-00085-Silberfeder,0.004,0.005,0.843,0.064,0.045,0.037,0.002,0.001
UI10-00086-Silberfeil,0.033,0.014,0.202,0.017,0.05,0.662,0.012,0.01
UI10-00087-Silberspinne,0.024,0.011,0.228,0.03,0.068,0.621,0.004,0.013
UI10-00088-Silberturm,0.002,0.004,0.704,0.076,0.046,0.161,0.001,0.005
UI10-00089-Sirene,0.14,0.029,0.141,0.182,0.026,0.317,0.156,0.01
UI10-00090-Stardust,0.063,0.027,0.275,0.066,0.041,0.437,0.083,0.008
UI10-00092-Strictus,0.015,0.013,0.416,0.12,0.03,0.383,0.01,0.012
UI10-00094-Super-Stripe,0.015,0.007,0.434,0.161,0.029,0.343,0.003,0.007
UI10-00096-Undine,0.123,0.032,0.166,0.127,0.022,0.408,0.113,0.011
UI10-00097-Variegatus,0.036,0.011,0.208,0.025,0.041,0.659,0.007,0.013
UI10-00099-Wetterfahne,0.097,0.02,0.176,0.121,0.033,0.439,0.108,0.005
UI10-00100-Yaku-Jima,0.017,0.005,0.225,0.017,0.104,0.624,0.002,0.007
UI10-00101-Yaku-Jima-Dwarf,0.018,0.004,0.233,0.01,0.1,0.62,0.007,0.008
UI10-00102-Zebrinus,0.008,0.005,0.676,0.183,0.02,0.093,0.006,0.008
UI10-00104-Zwergzebra,0.122,0.022,0.215,0.17,0.027,0.277,0.159,0.009
UI10-00105-Arnins-Weeping,0.005,0.003,0.051,0.007,0.813,0.044,0.02,0.056
UI10-00106-transmorrisonensis,0.021,0.009,0.287,0.06,0.285,0.286,0.017,0.036
UI10-00107-Illinois,0.001,0.002,0.114,0.004,0.003,0.298,0.575,0.002
UI11-00009-Positano,0.093,0.029,0.156,0.254,0.027,0.288,0.139,0.014
UI11-00024-Flamingo,0.006,0.002,0.497,0.084,0.02,0.385,0.001,0.005
UI12-00001-Zwergelefant,0.134,0.027,0.2,0.165,0.032,0.272,0.155,0.015
UI12-00002-Malepartus,0.01,0.011,0.57,0.109,0.033,0.256,0.003,0.009
VA-2010-001-022,0.0356,0.019,0.2306,0.0248,0.0464,0.6262,0.0058,0.0118
VA-2010-001-B40-e,0.0354,0.0096,0.222,0.022,0.0526,0.6372,0.0082,0.013
p196-150A-c,NA,NA,NA,NA,NA,NA,NA,NA
p877-348-b,NA,NA,NA,NA,NA,NA,NA,NA
