SNP,Chromosome,Position,DF,t Value,std Error,effect
NsiI.TP436966,3,208286,NA,NA,NA,NA
PstI.TP1159423,11,8140,NA,NA,NA,NA
PstI.TP457393,1,60097068,NA,NA,NA,NA
PstI.TP532426,7,64966356,NA,NA,NA,NA
PstI.TP532669,4,3498516,NA,NA,NA,NA
PstI.TP708955,4,2043677,NA,NA,NA,NA
NsiI.TP66747,11,9923,NA,NA,NA,NA
PstI.TP935651,4,66370793,NA,NA,NA,NA
PstI.TP360841,2,2832783,NA,NA,NA,NA
NsiI.TP179941,8,55948810,NA,NA,NA,NA
PstI.TP325958,3,54129415,NA,NA,NA,NA
PstI.TP568461,3,74315454,NA,NA,NA,NA
PstI.TP365645,1,61353360,NA,NA,NA,NA
PstI.TP548709,2,61335066,NA,NA,NA,NA
PstI.TP1071296,11,7466,NA,NA,NA,NA
NsiI.TP529124,3,63127607,NA,NA,NA,NA
PstI.TP1100905,3,73743770,NA,NA,NA,NA
PstI.TP629259,1,4276027,NA,NA,NA,NA
PstI.TP245404,1,79960134,NA,NA,NA,NA
PstI.TP582448,11,4183,NA,NA,NA,NA
PstI.TP576366,2,375350,NA,NA,NA,NA
NsiI.TP560012,11,16067,NA,NA,NA,NA
PstI.TP1107519,9,3315165,NA,NA,NA,NA
PstI.TP504809,4,5155593,NA,NA,NA,NA
PstI.TP719659,10,54993631,NA,NA,NA,NA
PstI.TP972096,2,3042190,NA,NA,NA,NA
PstI.TP838226,7,56380657,NA,NA,NA,NA
PstI.TP831544,10,5137704,NA,NA,NA,NA
PstI.TP476949,1,5536792,NA,NA,NA,NA
PstI.TP288641,1,27158173,NA,NA,NA,NA
PstI.TP490779,11,3725,NA,NA,NA,NA
PstI.TP201653,11,1648,NA,NA,NA,NA
PstI.TP195962,7,63734553,NA,NA,NA,NA
PstI.TP819138,3,57316499,NA,NA,NA,NA
PstI.TP269566,3,63644939,NA,NA,NA,NA
PstI.TP998803,9,51615898,NA,NA,NA,NA
PstI.TP679208,7,2374884,NA,NA,NA,NA
NsiI.TP57283,6,49505312,NA,NA,NA,NA
PstI.TP850689,6,49449385,NA,NA,NA,NA
PstI.TP85647,10,60886778,NA,NA,NA,NA
PstI.TP772632,2,65920887,NA,NA,NA,NA
PstI.TP1250222,11,8799,NA,NA,NA,NA
PstI.TP444076,11,3404,NA,NA,NA,NA
PstI.TP308053,1,8330660,NA,NA,NA,NA
PstI.TP1019197,11,7072,NA,NA,NA,NA
PstI.TP938416,11,6563,NA,NA,NA,NA
PstI.TP770895,1,13263569,NA,NA,NA,NA
PstI.TP437672,11,3353,NA,NA,NA,NA
PstI.TP856013,11,5962,NA,NA,NA,NA
PstI.TP1015835,1,6514843,NA,NA,NA,NA
NsiI.TP388907,2,71256645,NA,NA,NA,NA
PstI.TP308061,1,60402946,NA,NA,NA,NA
PstI.TP770204,3,67523376,NA,NA,NA,NA
PstI.TP1268585,1,2988383,NA,NA,NA,NA
PstI.TP942201,6,51864974,NA,NA,NA,NA
PstI.TP248632,4,6371322,NA,NA,NA,NA
NsiI.TP622507,11,16837,NA,NA,NA,NA
PstI.TP530837,1,65836675,NA,NA,NA,NA
PstI.TP541575,2,74276308,NA,NA,NA,NA
PstI.TP919648,11,6431,NA,NA,NA,NA
NsiI.TP301361,10,8099842,NA,NA,NA,NA
PstI.TP809778,10,8543510,NA,NA,NA,NA
PstI.TP720017,11,4972,NA,NA,NA,NA
PstI.TP897375,11,6255,NA,NA,NA,NA
PstI.TP731882,3,19716780,NA,NA,NA,NA
PstI.TP683907,1,4900973,NA,NA,NA,NA
PstI.TP112609,11,932,NA,NA,NA,NA
PstI.TP9255,11,64,NA,NA,NA,NA
PstI.TP947391,1,4891496,NA,NA,NA,NA
PstI.TP690712,11,4775,NA,NA,NA,NA
PstI.TP1022061,3,61377198,NA,NA,NA,NA
PstI.TP352846,1,71717994,NA,NA,NA,NA
PstI.TP419952,1,13194145,NA,NA,NA,NA
NsiI.TP752278,11,18344,NA,NA,NA,NA
NsiI.TP252602,1,68982448,NA,NA,NA,NA
PstI.TP1124649,11,7892,NA,NA,NA,NA
NsiI.TP501821,5,53570195,NA,NA,NA,NA
PstI.TP1036003,3,59881138,NA,NA,NA,NA
PstI.TP256804,4,2309598,NA,NA,NA,NA
PstI.TP749310,2,9525754,NA,NA,NA,NA
NsiI.TP45036,3,389776,NA,NA,NA,NA
NsiI.TP533643,3,471619,NA,NA,NA,NA
PstI.TP65497,11,546,NA,NA,NA,NA
PstI.TP527171,11,3934,NA,NA,NA,NA
PstI.TP1059365,4,3535002,NA,NA,NA,NA
PstI.TP634696,2,61336578,NA,NA,NA,NA
PstI.TP1231486,2,73904492,NA,NA,NA,NA
PstI.TP1114725,2,64759859,NA,NA,NA,NA
PstI.TP460935,1,18308167,NA,NA,NA,NA
PstI.TP96953,11,798,NA,NA,NA,NA
PstI.TP569914,5,1262747,NA,NA,NA,NA
PstI.TP487081,3,2424586,NA,NA,NA,NA
PstI.TP1066472,2,73495691,NA,NA,NA,NA
PstI.TP1175461,11,8280,NA,NA,NA,NA
NsiI.TP425376,3,65120217,NA,NA,NA,NA
NsiI.TP346008,4,67938088,NA,NA,NA,NA
PstI.TP177166,11,1456,NA,NA,NA,NA
NsiI.TP663012,9,52480175,NA,NA,NA,NA
PstI.TP788586,6,57442567,NA,NA,NA,NA
PstI.TP1104589,9,56629291,NA,NA,NA,NA
PstI.TP535893,1,73975816,NA,NA,NA,NA
PstI.TP1255816,11,8839,NA,NA,NA,NA
PstI.TP350262,8,2905616,NA,NA,NA,NA
PstI.TP1274931,7,61404400,NA,NA,NA,NA
NsiI.TP457503,11,14566,NA,NA,NA,NA
PstI.TP875866,4,64992383,NA,NA,NA,NA
PstI.TP865711,11,6040,NA,NA,NA,NA
PstI.TP172804,1,79485436,NA,NA,NA,NA
NsiI.TP282888,2,675031,NA,NA,NA,NA
PstI.TP318872,4,54744673,NA,NA,NA,NA
PstI.TP985838,3,58380810,NA,NA,NA,NA
PstI.TP1105986,6,45582438,NA,NA,NA,NA
PstI.TP394317,11,3076,NA,NA,NA,NA
PstI.TP999900,4,61190544,NA,NA,NA,NA
NsiI.TP502082,10,1262753,NA,NA,NA,NA
PstI.TP521411,11,3897,NA,NA,NA,NA
PstI.TP188943,11,1538,NA,NA,NA,NA
PstI.TP513843,3,2577255,NA,NA,NA,NA
PstI.TP9218,11,63,NA,NA,NA,NA
PstI.TP639463,6,60717357,NA,NA,NA,NA
PstI.TP525604,1,78648237,NA,NA,NA,NA
PstI.TP692748,11,4800,NA,NA,NA,NA
PstI.TP18693,4,3373673,NA,NA,NA,NA
NsiI.TP95031,6,54950661,NA,NA,NA,NA
PstI.TP323280,2,20594752,NA,NA,NA,NA
PstI.TP552710,11,4086,NA,NA,NA,NA
PstI.TP301480,11,2383,NA,NA,NA,NA
PstI.TP1199327,11,8475,NA,NA,NA,NA
PstI.TP243328,2,58674737,NA,NA,NA,NA
PstI.TP217258,3,3992070,NA,NA,NA,NA
NsiI.TP509771,7,63795912,NA,NA,NA,NA
PstI.TP248498,10,57422064,NA,NA,NA,NA
PstI.TP762971,11,5268,NA,NA,NA,NA
PstI.TP399236,6,58316655,NA,NA,NA,NA
PstI.TP1213378,1,46786394,NA,NA,NA,NA
PstI.TP94114,1,68081418,NA,NA,NA,NA
PstI.TP179103,7,57227560,NA,NA,NA,NA
PstI.TP641744,2,61738293,NA,NA,NA,NA
PstI.TP1000478,2,72314995,NA,NA,NA,NA
PstI.TP334931,2,51848838,NA,NA,NA,NA
PstI.TP1027226,10,5400847,NA,NA,NA,NA
PstI.TP1057124,9,9148132,NA,NA,NA,NA
PstI.TP822493,7,8114551,NA,NA,NA,NA
PstI.TP738881,2,57512325,NA,NA,NA,NA
PstI.TP1122752,2,56295956,NA,NA,NA,NA
PstI.TP25299,5,63419016,NA,NA,NA,NA
PstI.TP41452,4,57358774,NA,NA,NA,NA
PstI.TP41440,3,59899767,NA,NA,NA,NA
PstI.TP664215,11,4634,NA,NA,NA,NA
PstI.TP18098,2,23769344,NA,NA,NA,NA
NsiI.TP181198,8,55572072,NA,NA,NA,NA
PstI.TP459896,11,3510,NA,NA,NA,NA
PstI.TP1234552,10,60231357,NA,NA,NA,NA
PstI.TP246329,3,29389536,NA,NA,NA,NA
PstI.TP1169104,4,19508414,NA,NA,NA,NA
PstI.TP1156107,10,4914081,NA,NA,NA,NA
PstI.TP404885,6,51199851,NA,NA,NA,NA
PstI.TP982139,4,41445278,NA,NA,NA,NA
PstI.TP350552,11,2761,NA,NA,NA,NA
PstI.TP168720,4,64338756,NA,NA,NA,NA
PstI.TP450060,7,8209747,NA,NA,NA,NA
NsiI.TP501040,11,15248,NA,NA,NA,NA
PstI.TP1153192,3,6746550,NA,NA,NA,NA
PstI.TP643379,3,5147929,NA,NA,NA,NA
PstI.TP502131,1,59426545,NA,NA,NA,NA
PstI.TP106713,11,884,NA,NA,NA,NA
PstI.TP1068347,7,62120815,NA,NA,NA,NA
PstI.TP692299,11,4794,NA,NA,NA,NA
PstI.TP262688,4,7128828,NA,NA,NA,NA
PstI.TP470333,6,58970821,NA,NA,NA,NA
PstI.TP1026818,11,7134,NA,NA,NA,NA
PstI.TP687743,1,69969234,NA,NA,NA,NA
PstI.TP639947,5,3135429,NA,NA,NA,NA
PstI.TP188641,3,6088178,NA,NA,NA,NA
PstI.TP1266699,9,13714262,NA,NA,NA,NA
PstI.TP249296,2,57415075,NA,NA,NA,NA
NsiI.TP727404,10,60764600,NA,NA,NA,NA
PstI.TP716101,6,47677795,NA,NA,NA,NA
PstI.TP109054,11,901,NA,NA,NA,NA
PstI.TP1045605,6,49825862,NA,NA,NA,NA
PstI.TP876794,1,65066495,NA,NA,NA,NA
PstI.TP682301,2,65662699,NA,NA,NA,NA
NsiI.TP440927,1,20252244,NA,NA,NA,NA
PstI.TP397988,4,54041708,NA,NA,NA,NA
PstI.TP166492,6,2200069,NA,NA,NA,NA
PstI.TP715121,2,18844611,NA,NA,NA,NA
PstI.TP546331,1,59140499,NA,NA,NA,NA
PstI.TP506408,2,7240618,NA,NA,NA,NA
PstI.TP901855,6,42551665,NA,NA,NA,NA
PstI.TP308868,3,50361949,NA,NA,NA,NA
NsiI.TP337751,1,60167980,NA,NA,NA,NA
NsiI.TP494269,4,11587228,NA,NA,NA,NA
PstI.TP901904,8,570863,NA,NA,NA,NA
PstI.TP570326,10,50662192,NA,NA,NA,NA
PstI.TP133700,2,57163911,NA,NA,NA,NA
PstI.TP96410,3,4423816,NA,NA,NA,NA
NsiI.TP210953,1,17586467,NA,NA,NA,NA
NsiI.TP469220,11,14746,NA,NA,NA,NA
PstI.TP218134,11,1777,NA,NA,NA,NA
PstI.TP900003,3,53586609,NA,NA,NA,NA
PstI.TP1254872,7,56573064,NA,NA,NA,NA
PstI.TP707030,4,55665489,NA,NA,NA,NA
PstI.TP596502,7,58014009,NA,NA,NA,NA
PstI.TP890801,2,72613106,NA,NA,NA,NA
NsiI.TP541301,9,52203210,NA,NA,NA,NA
PstI.TP72398,11,609,NA,NA,NA,NA
NsiI.TP338590,4,52709492,NA,NA,NA,NA
PstI.TP778881,9,48260943,NA,NA,NA,NA
PstI.TP1027117,3,70383646,NA,NA,NA,NA
PstI.TP533617,3,54614431,NA,NA,NA,NA
PstI.TP1134497,1,53143016,NA,NA,NA,NA
PstI.TP704666,4,61217735,NA,NA,NA,NA
PstI.TP47535,11,404,NA,NA,NA,NA
PstI.TP337951,4,40615943,NA,NA,NA,NA
NsiI.TP521277,1,77064058,NA,NA,NA,NA
NsiI.TP360999,1,10465743,NA,NA,NA,NA
PstI.TP937213,11,6556,NA,NA,NA,NA
PstI.TP1001032,4,6463834,NA,NA,NA,NA
PstI.TP378778,1,54121051,NA,NA,NA,NA
NsiI.TP462536,1,62433879,NA,NA,NA,NA
PstI.TP1226186,3,7342289,NA,NA,NA,NA
PstI.TP721827,2,58288607,NA,NA,NA,NA
PstI.TP610743,11,4310,NA,NA,NA,NA
NsiI.TP421034,5,71242059,NA,NA,NA,NA
NsiI.TP351136,2,61077854,NA,NA,NA,NA
PstI.TP698300,11,4824,NA,NA,NA,NA
PstI.TP1231136,3,52841481,NA,NA,NA,NA
PstI.TP31970,4,61637545,NA,NA,NA,NA
PstI.TP972953,1,7984963,NA,NA,NA,NA
NsiI.TP199138,11,11340,NA,NA,NA,NA
PstI.TP1216566,1,79599777,NA,NA,NA,NA
PstI.TP1062021,9,59189842,NA,NA,NA,NA
PstI.TP1087235,11,7587,NA,NA,NA,NA
PstI.TP976293,2,66188757,NA,NA,NA,NA
PstI.TP753697,4,2038364,NA,NA,NA,NA
PstI.TP126255,6,50898138,NA,NA,NA,NA
NsiI.TP117758,1,66087512,NA,NA,NA,NA
PstI.TP1216346,7,1189753,NA,NA,NA,NA
PstI.TP189129,1,73890221,NA,NA,NA,NA
PstI.TP1056336,6,60888540,NA,NA,NA,NA
PstI.TP722242,1,6187691,NA,NA,NA,NA
PstI.TP901545,1,71391273,NA,NA,NA,NA
PstI.TP805691,4,66925540,NA,NA,NA,NA
NsiI.TP624683,1,68159137,NA,NA,NA,NA
PstI.TP139651,2,69224467,NA,NA,NA,NA
NsiI.TP66114,9,57265279,NA,NA,NA,NA
PstI.TP254515,3,50898097,NA,NA,NA,NA
NsiI.TP194619,6,55228277,NA,NA,NA,NA
PstI.TP1022732,7,59785708,NA,NA,NA,NA
PstI.TP329515,1,1537490,NA,NA,NA,NA
PstI.TP843008,1,77620090,NA,NA,NA,NA
PstI.TP377200,1,56910407,NA,NA,NA,NA
PstI.TP585913,8,55579533,NA,NA,NA,NA
PstI.TP1149663,11,8066,NA,NA,NA,NA
PstI.TP1158409,1,72860093,NA,NA,NA,NA
PstI.TP357318,6,48450955,NA,NA,NA,NA
PstI.TP145796,9,40783563,NA,NA,NA,NA
PstI.TP149587,10,7615825,NA,NA,NA,NA
PstI.TP737962,11,5096,NA,NA,NA,NA
PstI.TP398042,11,3104,NA,NA,NA,NA
NsiI.TP499934,1,76362422,NA,NA,NA,NA
PstI.TP654004,9,2357362,NA,NA,NA,NA
PstI.TP1282088,1,57117988,NA,NA,NA,NA
NsiI.TP274765,6,47625849,NA,NA,NA,NA
NsiI.TP87403,11,10095,NA,NA,NA,NA
PstI.TP1086009,9,47254131,NA,NA,NA,NA
PstI.TP652837,1,78182401,NA,NA,NA,NA
PstI.TP89007,11,746,NA,NA,NA,NA
NsiI.TP39018,3,69197876,NA,NA,NA,NA
PstI.TP757921,1,26848011,NA,NA,NA,NA
PstI.TP1084987,1,78521283,NA,NA,NA,NA
PstI.TP198433,6,56321576,NA,NA,NA,NA
PstI.TP106875,3,64830008,NA,NA,NA,NA
PstI.TP84106,9,11066353,NA,NA,NA,NA
PstI.TP1104438,10,51975768,NA,NA,NA,NA
PstI.TP211419,3,12715735,NA,NA,NA,NA
PstI.TP277120,2,66298305,NA,NA,NA,NA
NsiI.TP262182,7,38847042,NA,NA,NA,NA
PstI.TP912712,2,58773993,NA,NA,NA,NA
NsiI.TP434679,3,11842346,NA,NA,NA,NA
PstI.TP602287,7,10755063,NA,NA,NA,NA
PstI.TP939213,1,11990855,NA,NA,NA,NA
PstI.TP383705,9,46040507,NA,NA,NA,NA
PstI.TP160752,11,1322,NA,NA,NA,NA
PstI.TP976712,8,6325153,NA,NA,NA,NA
PstI.TP929366,11,6505,NA,NA,NA,NA
PstI.TP856852,1,1153760,NA,NA,NA,NA
PstI.TP533375,11,3989,NA,NA,NA,NA
PstI.TP1161418,11,8153,NA,NA,NA,NA
PstI.TP470828,11,3576,NA,NA,NA,NA
PstI.TP944748,1,64883503,NA,NA,NA,NA
PstI.TP661203,4,57100807,NA,NA,NA,NA
PstI.TP996918,11,6924,NA,NA,NA,NA
PstI.TP912658,10,41352948,NA,NA,NA,NA
PstI.TP205616,3,67708245,NA,NA,NA,NA
PstI.TP983468,6,52676712,NA,NA,NA,NA
PstI.TP131738,11,1106,NA,NA,NA,NA
PstI.TP181697,8,2683686,NA,NA,NA,NA
PstI.TP30317,6,54709438,NA,NA,NA,NA
PstI.TP798238,3,73087364,NA,NA,NA,NA
PstI.TP676701,7,51193143,NA,NA,NA,NA
PstI.TP924658,1,65264909,NA,NA,NA,NA
PstI.TP583995,10,3085156,NA,NA,NA,NA
PstI.TP318422,3,54362877,NA,NA,NA,NA
PstI.TP1005240,7,57259216,NA,NA,NA,NA
PstI.TP1109485,10,54131399,NA,NA,NA,NA
PstI.TP220787,10,1055307,NA,NA,NA,NA
NsiI.TP449421,11,14439,NA,NA,NA,NA
PstI.TP235061,7,62394616,NA,NA,NA,NA
PstI.TP277254,9,815106,NA,NA,NA,NA
PstI.TP1038963,9,51887439,NA,NA,NA,NA
PstI.TP747216,6,57493875,NA,NA,NA,NA
PstI.TP417854,8,3908674,NA,NA,NA,NA
PstI.TP615521,8,58093270,NA,NA,NA,NA
PstI.TP1238303,6,50987036,NA,NA,NA,NA
NsiI.TP114895,3,2441296,NA,NA,NA,NA
NsiI.TP575744,1,66841969,NA,NA,NA,NA
PstI.TP1293746,4,10710177,NA,NA,NA,NA
PstI.TP993272,2,58286678,NA,NA,NA,NA
PstI.TP242731,3,28459042,NA,NA,NA,NA
PstI.TP815225,6,49235314,NA,NA,NA,NA
PstI.TP773027,3,16863797,NA,NA,NA,NA
PstI.TP29613,3,56968925,NA,NA,NA,NA
PstI.TP907836,3,63143644,NA,NA,NA,NA
NsiI.TP433717,11,14120,NA,NA,NA,NA
PstI.TP329239,11,2605,NA,NA,NA,NA
PstI.TP871773,7,59683171,NA,NA,NA,NA
NsiI.TP671324,4,2161341,NA,NA,NA,NA
PstI.TP541885,10,57947224,NA,NA,NA,NA
PstI.TP1098875,4,67156223,NA,NA,NA,NA
PstI.TP661482,4,64403950,NA,NA,NA,NA
PstI.TP1143724,11,8012,NA,NA,NA,NA
PstI.TP997632,9,10600783,NA,NA,NA,NA
PstI.TP1206060,2,69316419,NA,NA,NA,NA
NsiI.TP468762,1,4620729,NA,NA,NA,NA
NsiI.TP273737,1,8121676,NA,NA,NA,NA
PstI.TP234444,7,63993635,NA,NA,NA,NA
PstI.TP666274,11,4641,NA,NA,NA,NA
PstI.TP506588,1,80675,NA,NA,NA,NA
PstI.TP948276,7,8285239,NA,NA,NA,NA
PstI.TP890773,9,1435661,NA,NA,NA,NA
PstI.TP1191629,11,8424,NA,NA,NA,NA
PstI.TP774948,9,243415,NA,NA,NA,NA
PstI.TP541875,2,55037307,NA,NA,NA,NA
PstI.TP675802,11,4696,NA,NA,NA,NA
PstI.TP226270,6,52350990,NA,NA,NA,NA
NsiI.TP755202,1,57718474,NA,NA,NA,NA
PstI.TP143773,11,1214,NA,NA,NA,NA
PstI.TP1123380,3,3557266,NA,NA,NA,NA
PstI.TP157588,2,329470,NA,NA,NA,NA
PstI.TP1077538,11,7514,NA,NA,NA,NA
PstI.TP202060,11,1652,NA,NA,NA,NA
NsiI.TP570294,11,16176,NA,NA,NA,NA
PstI.TP1136919,6,6739369,NA,NA,NA,NA
PstI.TP470160,2,1964484,NA,NA,NA,NA
PstI.TP1150046,4,55510631,NA,NA,NA,NA
PstI.TP1004248,3,73886346,NA,NA,NA,NA
PstI.TP219830,2,76708479,NA,NA,NA,NA
PstI.TP461600,5,71789531,NA,NA,NA,NA
PstI.TP77620,9,53720938,NA,NA,NA,NA
PstI.TP351433,11,2768,NA,NA,NA,NA
NsiI.TP551839,11,15945,NA,NA,NA,NA
PstI.TP163375,2,71379619,NA,NA,NA,NA
PstI.TP806450,1,7007771,NA,NA,NA,NA
PstI.TP350243,9,45321870,NA,NA,NA,NA
NsiI.TP340134,7,63082166,NA,NA,NA,NA
PstI.TP69823,1,70805200,NA,NA,NA,NA
NsiI.TP328854,3,71291896,NA,NA,NA,NA
PstI.TP770946,7,63612212,NA,NA,NA,NA
PstI.TP1173447,1,7571007,NA,NA,NA,NA
PstI.TP1043165,11,7240,NA,NA,NA,NA
PstI.TP276796,11,2248,NA,NA,NA,NA
PstI.TP130255,1,78156903,NA,NA,NA,NA
PstI.TP973605,1,7933170,NA,NA,NA,NA
NsiI.TP66906,1,66339343,NA,NA,NA,NA
PstI.TP157003,11,1290,NA,NA,NA,NA
PstI.TP700381,8,56933270,NA,NA,NA,NA
PstI.TP704663,4,61217704,NA,NA,NA,NA
PstI.TP1125574,8,50631722,NA,NA,NA,NA
NsiI.TP45219,1,60042018,NA,NA,NA,NA
PstI.TP418863,6,59970341,NA,NA,NA,NA
PstI.TP967613,3,4724304,NA,NA,NA,NA
PstI.TP82727,7,64210634,NA,NA,NA,NA
PstI.TP550663,11,4077,NA,NA,NA,NA
PstI.TP939692,6,57716221,NA,NA,NA,NA
PstI.TP89289,3,14045560,NA,NA,NA,NA
PstI.TP397160,7,58561163,NA,NA,NA,NA
NsiI.TP48541,11,9716,NA,NA,NA,NA
PstI.TP1181476,5,2299991,NA,NA,NA,NA
PstI.TP199591,2,465963,NA,NA,NA,NA
PstI.TP1013203,4,63222160,NA,NA,NA,NA
NsiI.TP454955,1,79688846,NA,NA,NA,NA
PstI.TP217199,1,78396312,NA,NA,NA,NA
PstI.TP393060,11,3059,NA,NA,NA,NA
PstI.TP292029,11,2312,NA,NA,NA,NA
PstI.TP731868,3,62811145,NA,NA,NA,NA
PstI.TP1187680,1,74780008,NA,NA,NA,NA
NsiI.TP430509,2,74026177,NA,NA,NA,NA
NsiI.TP723406,3,59263477,NA,NA,NA,NA
PstI.TP136266,2,64424937,NA,NA,NA,NA
PstI.TP365986,6,6142813,NA,NA,NA,NA
PstI.TP864618,3,59785501,NA,NA,NA,NA
PstI.TP807327,11,5594,NA,NA,NA,NA
NsiI.TP51580,10,8685676,NA,NA,NA,NA
PstI.TP1131586,6,52294517,NA,NA,NA,NA
PstI.TP116028,1,62738111,NA,NA,NA,NA
PstI.TP342343,8,60537164,NA,NA,NA,NA
PstI.TP677745,1,5751851,NA,NA,NA,NA
PstI.TP152056,5,64031521,NA,NA,NA,NA
PstI.TP1080476,11,7547,NA,NA,NA,NA
PstI.TP1000873,7,57426488,NA,NA,NA,NA
PstI.TP424788,1,263370,NA,NA,NA,NA
PstI.TP224318,3,56022652,NA,NA,NA,NA
PstI.TP94813,11,788,NA,NA,NA,NA
PstI.TP774443,11,5346,NA,NA,NA,NA
PstI.TP818100,11,5662,NA,NA,NA,NA
PstI.TP301119,11,2374,NA,NA,NA,NA
PstI.TP450610,11,3449,NA,NA,NA,NA
PstI.TP9065,1,57881166,NA,NA,NA,NA
NsiI.TP769989,6,55440097,NA,NA,NA,NA
PstI.TP718032,2,23093745,NA,NA,NA,NA
PstI.TP1198766,6,60436257,NA,NA,NA,NA
PstI.TP254470,3,72123437,NA,NA,NA,NA
PstI.TP549798,2,23212519,NA,NA,NA,NA
PstI.TP1125548,8,9735387,NA,NA,NA,NA
PstI.TP524216,11,3915,NA,NA,NA,NA
PstI.TP338249,9,1847859,NA,NA,NA,NA
NsiI.TP402599,6,59824065,NA,NA,NA,NA
PstI.TP897370,5,3460663,NA,NA,NA,NA
PstI.TP570804,4,4364673,NA,NA,NA,NA
PstI.TP796422,3,65263672,NA,NA,NA,NA
PstI.TP377610,1,9851445,NA,NA,NA,NA
PstI.TP282617,3,67991463,NA,NA,NA,NA
PstI.TP82716,1,72737215,NA,NA,NA,NA
PstI.TP276388,6,59032815,NA,NA,NA,NA
PstI.TP452173,2,10527282,NA,NA,NA,NA
PstI.TP694469,2,61192392,NA,NA,NA,NA
PstI.TP706276,6,52495459,NA,NA,NA,NA
PstI.TP176880,1,28241729,NA,NA,NA,NA
PstI.TP939350,9,20082917,NA,NA,NA,NA
PstI.TP166481,3,1960833,NA,NA,NA,NA
PstI.TP37475,1,14297444,NA,NA,NA,NA
PstI.TP538688,9,57046696,NA,NA,NA,NA
PstI.TP744920,11,5140,NA,NA,NA,NA
PstI.TP577712,8,6219464,NA,NA,NA,NA
PstI.TP1118313,8,3139823,NA,NA,NA,NA
NsiI.TP814805,3,62875271,NA,NA,NA,NA
PstI.TP105678,11,872,NA,NA,NA,NA
PstI.TP358803,1,65256453,NA,NA,NA,NA
PstI.TP1134151,11,7953,NA,NA,NA,NA
PstI.TP673993,7,55674206,NA,NA,NA,NA
PstI.TP1132955,4,63683010,NA,NA,NA,NA
NsiI.TP456659,11,14551,NA,NA,NA,NA
PstI.TP624170,7,56509983,NA,NA,NA,NA
PstI.TP428451,6,48787560,NA,NA,NA,NA
PstI.TP1014704,4,68495682,NA,NA,NA,NA
PstI.TP8376,4,59384691,NA,NA,NA,NA
NsiI.TP502976,3,7719502,NA,NA,NA,NA
PstI.TP144997,6,43235947,NA,NA,NA,NA
NsiI.TP814519,6,59730617,NA,NA,NA,NA
PstI.TP839519,11,5813,NA,NA,NA,NA
NsiI.TP670147,11,17369,NA,NA,NA,NA
NsiI.TP820289,8,57687842,NA,NA,NA,NA
PstI.TP1270259,3,73055182,NA,NA,NA,NA
PstI.TP1112974,6,49485124,NA,NA,NA,NA
PstI.TP366392,11,2894,NA,NA,NA,NA
NsiI.TP408204,9,46327607,NA,NA,NA,NA
PstI.TP712192,5,71599707,NA,NA,NA,NA
PstI.TP808392,4,58052669,NA,NA,NA,NA
PstI.TP865412,3,66830234,NA,NA,NA,NA
PstI.TP207042,3,68906982,NA,NA,NA,NA
NsiI.TP710816,11,17888,NA,NA,NA,NA
PstI.TP1185674,1,60148122,NA,NA,NA,NA
PstI.TP1210085,4,5549411,NA,NA,NA,NA
PstI.TP757375,1,3471897,NA,NA,NA,NA
PstI.TP134129,9,51572610,NA,NA,NA,NA
PstI.TP488378,1,7260223,NA,NA,NA,NA
PstI.TP710432,2,62555401,NA,NA,NA,NA
NsiI.TP5872,11,9197,NA,NA,NA,NA
PstI.TP1146858,3,65279133,NA,NA,NA,NA
PstI.TP968463,1,57418406,NA,NA,NA,NA
PstI.TP1000965,6,57296544,NA,NA,NA,NA
PstI.TP886436,11,6196,NA,NA,NA,NA
PstI.TP1113610,11,7798,NA,NA,NA,NA
PstI.TP701364,4,66677817,NA,NA,NA,NA
PstI.TP1088043,1,73790447,NA,NA,NA,NA
PstI.TP857413,11,5975,NA,NA,NA,NA
PstI.TP404712,4,2511431,NA,NA,NA,NA
PstI.TP1063373,3,59855371,NA,NA,NA,NA
PstI.TP205765,8,46363312,NA,NA,NA,NA
PstI.TP478050,3,63462498,NA,NA,NA,NA
PstI.TP747261,1,76107837,NA,NA,NA,NA
PstI.TP845869,2,9862801,NA,NA,NA,NA
PstI.TP384871,9,47612549,NA,NA,NA,NA
PstI.TP1230532,11,8671,NA,NA,NA,NA
NsiI.TP621776,1,79466998,NA,NA,NA,NA
PstI.TP356699,1,5752437,NA,NA,NA,NA
PstI.TP209642,2,67215455,NA,NA,NA,NA
PstI.TP780069,7,60189505,NA,NA,NA,NA
PstI.TP1094441,4,53080201,NA,NA,NA,NA
NsiI.TP236846,9,5564156,NA,NA,NA,NA
PstI.TP933357,3,24835151,NA,NA,NA,NA
PstI.TP1149784,4,2961156,NA,NA,NA,NA
NsiI.TP333723,2,74239929,NA,NA,NA,NA
PstI.TP746782,9,53784279,NA,NA,NA,NA
PstI.TP373660,8,62666468,NA,NA,NA,NA
PstI.TP283938,4,58233574,NA,NA,NA,NA
PstI.TP105079,6,48450884,NA,NA,NA,NA
PstI.TP1141531,11,7998,NA,NA,NA,NA
PstI.TP945656,8,20338622,NA,NA,NA,NA
PstI.TP1009267,6,49760525,NA,NA,NA,NA
PstI.TP1196894,7,124663,NA,NA,NA,NA
PstI.TP256852,9,1065898,NA,NA,NA,NA
PstI.TP664921,6,56510699,NA,NA,NA,NA
PstI.TP646044,9,89652,NA,NA,NA,NA
PstI.TP357347,6,53284826,NA,NA,NA,NA
PstI.TP773940,7,64822434,NA,NA,NA,NA
PstI.TP332939,5,61681179,NA,NA,NA,NA
PstI.TP648083,11,4571,NA,NA,NA,NA
PstI.TP1134573,9,45626034,NA,NA,NA,NA
NsiI.TP404945,11,13572,NA,NA,NA,NA
PstI.TP977916,2,67063264,NA,NA,NA,NA
PstI.TP477712,1,65237054,NA,NA,NA,NA
PstI.TP802382,3,54961574,NA,NA,NA,NA
PstI.TP866736,9,15103421,NA,NA,NA,NA
PstI.TP343925,9,42951872,NA,NA,NA,NA
PstI.TP843326,1,72291957,NA,NA,NA,NA
PstI.TP876546,9,44646384,NA,NA,NA,NA
PstI.TP295985,4,9739196,NA,NA,NA,NA
PstI.TP304860,1,74969305,NA,NA,NA,NA
PstI.TP624280,8,1089442,NA,NA,NA,NA
PstI.TP710752,6,48096840,NA,NA,NA,NA
PstI.TP475191,9,53225889,NA,NA,NA,NA
NsiI.TP225884,3,62210775,NA,NA,NA,NA
PstI.TP791712,1,21320307,NA,NA,NA,NA
PstI.TP41777,9,2504371,NA,NA,NA,NA
PstI.TP1123006,3,15144093,NA,NA,NA,NA
PstI.TP797211,9,47975853,NA,NA,NA,NA
PstI.TP792995,4,59703546,NA,NA,NA,NA
PstI.TP881941,11,6157,NA,NA,NA,NA
PstI.TP1101676,9,55031033,NA,NA,NA,NA
NsiI.TP726942,11,18063,NA,NA,NA,NA
PstI.TP608352,1,63849910,NA,NA,NA,NA
NsiI.TP726681,3,62054481,NA,NA,NA,NA
PstI.TP56525,3,9789280,NA,NA,NA,NA
PstI.TP991040,8,1163254,NA,NA,NA,NA
NsiI.TP445310,11,14390,NA,NA,NA,NA
PstI.TP27966,11,215,NA,NA,NA,NA
NsiI.TP615624,1,65289533,NA,NA,NA,NA
PstI.TP725918,2,8160952,NA,NA,NA,NA
PstI.TP756560,6,30981137,NA,NA,NA,NA
PstI.TP622738,11,4375,NA,NA,NA,NA
PstI.TP853014,3,11408141,NA,NA,NA,NA
PstI.TP428592,9,59017930,NA,NA,NA,NA
NsiI.TP173658,3,64787835,NA,NA,NA,NA
PstI.TP202899,6,6077089,NA,NA,NA,NA
PstI.TP1069784,2,63643324,NA,NA,NA,NA
NsiI.TP55441,4,4075447,NA,NA,NA,NA
PstI.TP537490,6,60875735,NA,NA,NA,NA
NsiI.TP5731,10,59553714,NA,NA,NA,NA
PstI.TP13311,11,108,NA,NA,NA,NA
PstI.TP790301,3,55460621,NA,NA,NA,NA
PstI.TP897409,6,56637189,NA,NA,NA,NA
PstI.TP241235,3,9336109,NA,NA,NA,NA
PstI.TP522065,8,58295434,NA,NA,NA,NA
PstI.TP744473,3,61669976,NA,NA,NA,NA
NsiI.TP661879,3,73421724,NA,NA,NA,NA
PstI.TP1032333,3,3528771,NA,NA,NA,NA
PstI.TP105605,3,54845915,NA,NA,NA,NA
PstI.TP10692,11,83,NA,NA,NA,NA
PstI.TP91666,9,57446168,NA,NA,NA,NA
PstI.TP762318,2,61355207,NA,NA,NA,NA
PstI.TP259004,11,2110,NA,NA,NA,NA
PstI.TP981281,10,3085207,NA,NA,NA,NA
PstI.TP13629,2,74748191,NA,NA,NA,NA
PstI.TP834480,2,59921999,NA,NA,NA,NA
PstI.TP545419,3,2528853,NA,NA,NA,NA
PstI.TP644170,5,13189719,NA,NA,NA,NA
PstI.TP1010623,3,2603844,NA,NA,NA,NA
NsiI.TP825138,6,43278106,NA,NA,NA,NA
PstI.TP929783,1,68577350,NA,NA,NA,NA
PstI.TP1097010,2,19533020,NA,NA,NA,NA
PstI.TP926743,3,3522183,NA,NA,NA,NA
PstI.TP70014,4,5572416,NA,NA,NA,NA
PstI.TP1136034,1,72327412,NA,NA,NA,NA
PstI.TP786113,6,60914620,NA,NA,NA,NA
NsiI.TP464987,11,14671,NA,NA,NA,NA
NsiI.TP424155,11,13899,NA,NA,NA,NA
PstI.TP834958,9,54418483,NA,NA,NA,NA
PstI.TP334182,1,74360210,NA,NA,NA,NA
PstI.TP727385,10,53174224,NA,NA,NA,NA
NsiI.TP525011,10,450727,NA,NA,NA,NA
PstI.TP405184,1,75082559,NA,NA,NA,NA
PstI.TP933353,3,24835175,NA,NA,NA,NA
PstI.TP391279,2,70925840,NA,NA,NA,NA
PstI.TP94366,1,67316019,NA,NA,NA,NA
PstI.TP629254,1,4276045,NA,NA,NA,NA
NsiI.TP450783,2,73164177,NA,NA,NA,NA
PstI.TP534174,8,57069014,NA,NA,NA,NA
PstI.TP211963,2,1768552,NA,NA,NA,NA
PstI.TP312460,9,59408883,NA,NA,NA,NA
PstI.TP811969,3,64051653,NA,NA,NA,NA
PstI.TP714069,4,62405613,NA,NA,NA,NA
PstI.TP787540,11,5445,NA,NA,NA,NA
PstI.TP1183728,1,69834022,NA,NA,NA,NA
PstI.TP230539,6,60169420,NA,NA,NA,NA
PstI.TP862169,7,60979712,NA,NA,NA,NA
PstI.TP886589,2,62498521,NA,NA,NA,NA
PstI.TP680879,2,64067358,NA,NA,NA,NA
PstI.TP522018,8,61986171,NA,NA,NA,NA
PstI.TP1046316,3,72119163,NA,NA,NA,NA
PstI.TP548129,10,58739589,NA,NA,NA,NA
PstI.TP1175096,11,8274,NA,NA,NA,NA
NsiI.TP338280,6,53961287,NA,NA,NA,NA
PstI.TP991419,6,50741907,NA,NA,NA,NA
PstI.TP1181427,10,48075047,NA,NA,NA,NA
PstI.TP773822,1,60097008,NA,NA,NA,NA
PstI.TP920685,10,10258102,NA,NA,NA,NA
PstI.TP929497,2,60716322,NA,NA,NA,NA
PstI.TP1197361,4,52473553,NA,NA,NA,NA
PstI.TP463129,9,1621136,NA,NA,NA,NA
PstI.TP908250,10,1283043,NA,NA,NA,NA
PstI.TP21889,1,3705780,NA,NA,NA,NA
PstI.TP1059573,1,3357749,NA,NA,NA,NA
PstI.TP1173316,9,48311669,NA,NA,NA,NA
PstI.TP157488,3,14637148,NA,NA,NA,NA
PstI.TP515294,7,61776176,NA,NA,NA,NA
PstI.TP409904,11,3170,NA,NA,NA,NA
PstI.TP446652,11,3428,NA,NA,NA,NA
PstI.TP319571,1,11815150,NA,NA,NA,NA
PstI.TP858615,7,3805095,NA,NA,NA,NA
PstI.TP1217714,11,8576,NA,NA,NA,NA
PstI.TP1186327,2,8257580,NA,NA,NA,NA
PstI.TP802577,1,74132587,NA,NA,NA,NA
PstI.TP269037,10,15276368,NA,NA,NA,NA
PstI.TP1200270,2,13518060,NA,NA,NA,NA
PstI.TP374326,4,60827920,NA,NA,NA,NA
PstI.TP623942,3,65310848,NA,NA,NA,NA
NsiI.TP148773,1,285352,NA,NA,NA,NA
PstI.TP371473,10,59883760,NA,NA,NA,NA
PstI.TP802029,2,14358830,NA,NA,NA,NA
PstI.TP58429,11,488,NA,NA,NA,NA
PstI.TP990909,8,62111760,NA,NA,NA,NA
PstI.TP774963,6,1911989,NA,NA,NA,NA
PstI.TP750527,8,3822988,NA,NA,NA,NA
PstI.TP411131,4,50796187,NA,NA,NA,NA
PstI.TP1177494,1,71370263,NA,NA,NA,NA
PstI.TP432405,2,72662195,NA,NA,NA,NA
PstI.TP913067,7,37614298,NA,NA,NA,NA
PstI.TP419219,9,1650258,NA,NA,NA,NA
PstI.TP214149,2,66672122,NA,NA,NA,NA
PstI.TP932970,6,46390903,NA,NA,NA,NA
PstI.TP325811,3,54129392,NA,NA,NA,NA
PstI.TP1151415,11,8084,NA,NA,NA,NA
PstI.TP548667,1,53141843,NA,NA,NA,NA
PstI.TP1160645,1,63359101,NA,NA,NA,NA
PstI.TP119903,3,57121769,NA,NA,NA,NA
PstI.TP104467,1,76678896,NA,NA,NA,NA
PstI.TP1130877,11,7933,NA,NA,NA,NA
PstI.TP410821,2,8615723,NA,NA,NA,NA
PstI.TP25085,11,193,NA,NA,NA,NA
PstI.TP824282,8,58573215,NA,NA,NA,NA
PstI.TP898958,3,18783182,NA,NA,NA,NA
PstI.TP413677,11,3201,NA,NA,NA,NA
PstI.TP80388,1,73626823,NA,NA,NA,NA
PstI.TP197785,3,62421321,NA,NA,NA,NA
PstI.TP901498,10,59750699,NA,NA,NA,NA
PstI.TP1068317,11,7437,NA,NA,NA,NA
PstI.TP148299,4,61873463,NA,NA,NA,NA
PstI.TP434461,2,66813498,NA,NA,NA,NA
PstI.TP32343,11,263,NA,NA,NA,NA
PstI.TP180894,11,1482,NA,NA,NA,NA
PstI.TP582861,3,66513476,NA,NA,NA,NA
NsiI.TP674265,3,67081454,NA,NA,NA,NA
PstI.TP718962,4,252030,NA,NA,NA,NA
PstI.TP174587,8,61645695,NA,NA,NA,NA
PstI.TP270063,1,17132801,NA,NA,NA,NA
PstI.TP90936,11,768,NA,NA,NA,NA
PstI.TP374544,3,63699323,NA,NA,NA,NA
PstI.TP706479,2,14264983,NA,NA,NA,NA
PstI.TP1025634,2,71277610,NA,NA,NA,NA
NsiI.TP39740,2,186613,NA,NA,NA,NA
PstI.TP781872,9,51135280,NA,NA,NA,NA
PstI.TP952805,11,6650,NA,NA,NA,NA
PstI.TP370692,3,55164432,NA,NA,NA,NA
PstI.TP178231,2,62690478,NA,NA,NA,NA
PstI.TP1003470,6,55262974,NA,NA,NA,NA
PstI.TP808266,7,57918873,NA,NA,NA,NA
PstI.TP780884,7,54360893,NA,NA,NA,NA
PstI.TP1178902,5,2776062,NA,NA,NA,NA
PstI.TP116867,3,62167764,NA,NA,NA,NA
PstI.TP667509,11,4648,NA,NA,NA,NA
NsiI.TP557652,10,55121411,NA,NA,NA,NA
PstI.TP882242,5,68630849,NA,NA,NA,NA
PstI.TP1267977,1,3576713,NA,NA,NA,NA
PstI.TP795263,6,48216537,NA,NA,NA,NA
PstI.TP170196,11,1398,NA,NA,NA,NA
PstI.TP927411,4,55321457,NA,NA,NA,NA
PstI.TP256734,10,60799113,NA,NA,NA,NA
PstI.TP613483,4,67835675,NA,NA,NA,NA
PstI.TP819103,11,5670,NA,NA,NA,NA
PstI.TP1220434,6,57879537,NA,NA,NA,NA
PstI.TP884637,6,26390736,NA,NA,NA,NA
PstI.TP1000608,7,57426510,NA,NA,NA,NA
PstI.TP371503,2,57085223,NA,NA,NA,NA
PstI.TP831823,10,52577215,NA,NA,NA,NA
PstI.TP283482,4,53765906,NA,NA,NA,NA
PstI.TP433372,7,840822,NA,NA,NA,NA
PstI.TP616773,11,4334,NA,NA,NA,NA
PstI.TP551527,1,76166616,NA,NA,NA,NA
PstI.TP794410,11,5494,NA,NA,NA,NA
PstI.TP167777,3,62571181,NA,NA,NA,NA
PstI.TP820804,2,72096898,NA,NA,NA,NA
PstI.TP353347,10,13577246,NA,NA,NA,NA
PstI.TP209435,11,1713,NA,NA,NA,NA
PstI.TP59594,1,63737514,NA,NA,NA,NA
PstI.TP426455,1,8609159,NA,NA,NA,NA
PstI.TP176663,10,1133877,NA,NA,NA,NA
PstI.TP457434,4,15595824,NA,NA,NA,NA
PstI.TP852665,11,5922,NA,NA,NA,NA
PstI.TP1176448,11,8287,NA,NA,NA,NA
NsiI.TP527435,3,7664263,NA,NA,NA,NA
PstI.TP919510,6,40436896,NA,NA,NA,NA
PstI.TP754297,9,52383960,NA,NA,NA,NA
PstI.TP1140972,3,3019093,NA,NA,NA,NA
NsiI.TP652621,6,56522972,NA,NA,NA,NA
NsiI.TP225346,6,50229745,NA,NA,NA,NA
PstI.TP533117,1,18662889,NA,NA,NA,NA
PstI.TP107393,1,9287566,NA,NA,NA,NA
PstI.TP827038,4,54042262,NA,NA,NA,NA
PstI.TP317521,4,66042591,NA,NA,NA,NA
PstI.TP665435,2,4646947,NA,NA,NA,NA
PstI.TP694211,6,54345892,NA,NA,NA,NA
PstI.TP441536,1,2816855,NA,NA,NA,NA
PstI.TP1184603,3,2835614,NA,NA,NA,NA
PstI.TP963977,2,68012933,NA,NA,NA,NA
PstI.TP705377,11,4888,NA,NA,NA,NA
NsiI.TP502909,2,58325149,NA,NA,NA,NA
PstI.TP1071411,6,46252009,NA,NA,NA,NA
NsiI.TP502752,4,65830950,NA,NA,NA,NA
PstI.TP865707,4,8265404,NA,NA,NA,NA
PstI.TP886053,11,6191,NA,NA,NA,NA
PstI.TP19142,11,155,NA,NA,NA,NA
PstI.TP647358,9,59273127,NA,NA,NA,NA
NsiI.TP235676,6,47234083,NA,NA,NA,NA
PstI.TP818076,11,5661,NA,NA,NA,NA
PstI.TP622431,7,60027444,NA,NA,NA,NA
PstI.TP827726,6,47573240,NA,NA,NA,NA
NsiI.TP366891,11,13179,NA,NA,NA,NA
PstI.TP967103,7,57294054,NA,NA,NA,NA
PstI.TP203554,10,2133696,NA,NA,NA,NA
PstI.TP1024604,4,59621675,NA,NA,NA,NA
PstI.TP710226,11,4924,NA,NA,NA,NA
PstI.TP826982,8,664718,NA,NA,NA,NA
PstI.TP433397,11,3321,NA,NA,NA,NA
PstI.TP1025367,11,7121,NA,NA,NA,NA
NsiI.TP240864,11,11838,NA,NA,NA,NA
PstI.TP696439,3,53175188,NA,NA,NA,NA
PstI.TP291200,1,79471623,NA,NA,NA,NA
PstI.TP906726,3,3716611,NA,NA,NA,NA
PstI.TP770044,2,73737012,NA,NA,NA,NA
PstI.TP1133379,4,51922694,NA,NA,NA,NA
PstI.TP640452,2,13526708,NA,NA,NA,NA
NsiI.TP801056,1,69044428,NA,NA,NA,NA
PstI.TP893479,7,57292079,NA,NA,NA,NA
PstI.TP593918,1,10465079,NA,NA,NA,NA
PstI.TP791036,11,5476,NA,NA,NA,NA
PstI.TP746826,5,1609271,NA,NA,NA,NA
PstI.TP153473,2,49922484,NA,NA,NA,NA
PstI.TP1294195,11,9130,NA,NA,NA,NA
PstI.TP532263,10,50312279,NA,NA,NA,NA
PstI.TP529698,10,49892865,NA,NA,NA,NA
NsiI.TP523719,11,15596,NA,NA,NA,NA
NsiI.TP3581,5,68467677,NA,NA,NA,NA
NsiI.TP704428,10,47749877,NA,NA,NA,NA
PstI.TP310237,6,47646564,NA,NA,NA,NA
PstI.TP208155,3,12469663,NA,NA,NA,NA
PstI.TP581762,4,62741281,NA,NA,NA,NA
PstI.TP523998,3,66128752,NA,NA,NA,NA
NsiI.TP489646,11,15049,NA,NA,NA,NA
PstI.TP778226,4,7580398,NA,NA,NA,NA
PstI.TP114415,10,6298864,NA,NA,NA,NA
PstI.TP360305,3,67764027,NA,NA,NA,NA
NsiI.TP20060,1,18191763,NA,NA,NA,NA
PstI.TP390724,1,9756005,NA,NA,NA,NA
PstI.TP586000,11,4203,NA,NA,NA,NA
PstI.TP456356,6,57185583,NA,NA,NA,NA
PstI.TP262001,6,54443824,NA,NA,NA,NA
PstI.TP110885,6,47190301,NA,NA,NA,NA
PstI.TP330321,6,48212587,NA,NA,NA,NA
PstI.TP710730,2,65757843,NA,NA,NA,NA
PstI.TP636509,10,765968,NA,NA,NA,NA
PstI.TP1212372,10,6070004,NA,NA,NA,NA
PstI.TP654237,3,63375812,NA,NA,NA,NA
PstI.TP1027916,3,9697919,NA,NA,NA,NA
PstI.TP553319,1,77643893,NA,NA,NA,NA
PstI.TP851166,1,21305923,NA,NA,NA,NA
PstI.TP298201,6,1375822,NA,NA,NA,NA
PstI.TP1010638,4,66370705,NA,NA,NA,NA
PstI.TP507239,10,4780432,NA,NA,NA,NA
PstI.TP366456,11,2895,NA,NA,NA,NA
NsiI.TP414672,11,13720,NA,NA,NA,NA
PstI.TP1064216,8,19305443,NA,NA,NA,NA
PstI.TP116355,9,55967635,NA,NA,NA,NA
PstI.TP1250993,4,666401,NA,NA,NA,NA
NsiI.TP508238,2,61419445,NA,NA,NA,NA
PstI.TP1074331,1,21885836,NA,NA,NA,NA
PstI.TP166292,10,8150237,NA,NA,NA,NA
PstI.TP345727,4,58070330,NA,NA,NA,NA
PstI.TP120265,1,9929566,NA,NA,NA,NA
PstI.TP166501,1,18793961,NA,NA,NA,NA
PstI.TP969794,2,67990747,NA,NA,NA,NA
PstI.TP574132,1,19943823,NA,NA,NA,NA
PstI.TP1163307,11,8177,NA,NA,NA,NA
PstI.TP694159,3,61030989,NA,NA,NA,NA
PstI.TP1064081,3,9621573,NA,NA,NA,NA
PstI.TP250354,10,6510934,NA,NA,NA,NA
PstI.TP181796,11,1492,NA,NA,NA,NA
PstI.TP134761,3,59529523,NA,NA,NA,NA
NsiI.TP35373,1,75917930,NA,NA,NA,NA
PstI.TP292987,8,16103762,NA,NA,NA,NA
PstI.TP1206557,4,67408124,NA,NA,NA,NA
PstI.TP187405,1,73910743,NA,NA,NA,NA
PstI.TP528884,2,63869478,NA,NA,NA,NA
PstI.TP795074,9,564192,NA,NA,NA,NA
PstI.TP703969,1,80877289,NA,NA,NA,NA
PstI.TP1174311,1,9559149,NA,NA,NA,NA
PstI.TP174297,3,5563037,NA,NA,NA,NA
NsiI.TP618002,11,16754,NA,NA,NA,NA
PstI.TP161281,7,277773,NA,NA,NA,NA
PstI.TP439066,3,73445402,NA,NA,NA,NA
PstI.TP716056,7,12018520,NA,NA,NA,NA
PstI.TP408924,11,3165,NA,NA,NA,NA
PstI.TP602651,4,55651212,NA,NA,NA,NA
PstI.TP1046125,6,48289644,NA,NA,NA,NA
PstI.TP181058,4,7967268,NA,NA,NA,NA
PstI.TP666982,11,4643,NA,NA,NA,NA
NsiI.TP497376,10,10507025,NA,NA,NA,NA
PstI.TP691322,7,15663756,NA,NA,NA,NA
NsiI.TP631040,1,76939823,NA,NA,NA,NA
PstI.TP831238,3,4140006,NA,NA,NA,NA
PstI.TP780370,4,55054662,NA,NA,NA,NA
PstI.TP778311,4,4451472,NA,NA,NA,NA
PstI.TP298106,4,60749631,NA,NA,NA,NA
PstI.TP883579,2,47758114,NA,NA,NA,NA
PstI.TP975023,2,61638010,NA,NA,NA,NA
PstI.TP783653,2,74160306,NA,NA,NA,NA
PstI.TP534942,3,4552949,NA,NA,NA,NA
PstI.TP189885,1,77223222,NA,NA,NA,NA
PstI.TP664847,11,4637,NA,NA,NA,NA
PstI.TP459190,10,53216840,NA,NA,NA,NA
PstI.TP851906,10,58624598,NA,NA,NA,NA
PstI.TP287063,5,36574210,NA,NA,NA,NA
PstI.TP115692,7,58269670,NA,NA,NA,NA
NsiI.TP590588,4,7187181,NA,NA,NA,NA
PstI.TP335325,4,67812875,NA,NA,NA,NA
PstI.TP733771,11,5061,NA,NA,NA,NA
PstI.TP84880,1,63680478,NA,NA,NA,NA
PstI.TP805461,1,71344044,NA,NA,NA,NA
PstI.TP152556,2,67340962,NA,NA,NA,NA
PstI.TP840235,3,50897546,NA,NA,NA,NA
PstI.TP1114836,3,3245214,NA,NA,NA,NA
PstI.TP770341,11,5320,NA,NA,NA,NA
PstI.TP1045636,1,11697258,NA,NA,NA,NA
PstI.TP855559,11,5958,NA,NA,NA,NA
PstI.TP547968,11,4053,NA,NA,NA,NA
PstI.TP115576,3,61364669,NA,NA,NA,NA
PstI.TP863331,1,161269,NA,NA,NA,NA
PstI.TP802412,4,55643788,NA,NA,NA,NA
PstI.TP952007,6,56158074,NA,NA,NA,NA
PstI.TP881184,2,76620224,NA,NA,NA,NA
PstI.TP197060,1,72303333,NA,NA,NA,NA
PstI.TP117569,4,64900260,NA,NA,NA,NA
PstI.TP31637,11,249,NA,NA,NA,NA
PstI.TP267556,3,2124660,NA,NA,NA,NA
PstI.TP1164364,4,7965997,NA,NA,NA,NA
PstI.TP1212476,1,73145262,NA,NA,NA,NA
PstI.TP899075,3,68837126,NA,NA,NA,NA
PstI.TP789647,3,69354547,NA,NA,NA,NA
PstI.TP537688,2,67833294,NA,NA,NA,NA
PstI.TP1213036,3,59319881,NA,NA,NA,NA
PstI.TP1114565,4,58337982,NA,NA,NA,NA
PstI.TP33111,4,60575085,NA,NA,NA,NA
NsiI.TP690036,1,12138480,NA,NA,NA,NA
PstI.TP12746,6,47840509,NA,NA,NA,NA
PstI.TP1128689,3,3289133,NA,NA,NA,NA
PstI.TP1021321,7,40225707,NA,NA,NA,NA
PstI.TP1158983,11,8136,NA,NA,NA,NA
PstI.TP226426,11,1858,NA,NA,NA,NA
NsiI.TP470396,7,65424581,NA,NA,NA,NA
PstI.TP1279895,1,18383885,NA,NA,NA,NA
PstI.TP1046643,2,58595318,NA,NA,NA,NA
PstI.TP345830,9,59281758,NA,NA,NA,NA
PstI.TP809774,4,56844386,NA,NA,NA,NA
PstI.TP912729,11,6374,NA,NA,NA,NA
PstI.TP681637,2,72313757,NA,NA,NA,NA
PstI.TP618070,8,39449,NA,NA,NA,NA
PstI.TP424929,4,65348596,NA,NA,NA,NA
PstI.TP212400,11,1736,NA,NA,NA,NA
PstI.TP758217,4,53816542,NA,NA,NA,NA
PstI.TP446782,4,63627667,NA,NA,NA,NA
NsiI.TP350913,11,12980,NA,NA,NA,NA
PstI.TP315020,1,77386737,NA,NA,NA,NA
PstI.TP82908,11,694,NA,NA,NA,NA
PstI.TP999288,11,6941,NA,NA,NA,NA
PstI.TP1199997,1,3471828,NA,NA,NA,NA
PstI.TP1082413,11,7556,NA,NA,NA,NA
PstI.TP709057,6,54629080,NA,NA,NA,NA
PstI.TP1075940,10,18152462,NA,NA,NA,NA
PstI.TP953364,9,41929468,NA,NA,NA,NA
PstI.TP1176376,11,8285,NA,NA,NA,NA
PstI.TP883382,11,6167,NA,NA,NA,NA
PstI.TP408602,2,61706850,NA,NA,NA,NA
PstI.TP682615,6,46570239,NA,NA,NA,NA
PstI.TP640318,3,66580470,NA,NA,NA,NA
PstI.TP285646,7,59945480,NA,NA,NA,NA
PstI.TP894258,4,57750214,NA,NA,NA,NA
NsiI.TP127064,3,72149010,NA,NA,NA,NA
PstI.TP645994,1,72633618,NA,NA,NA,NA
NsiI.TP441858,10,60928769,NA,NA,NA,NA
PstI.TP461927,1,9014162,NA,NA,NA,NA
PstI.TP449117,2,63692942,NA,NA,NA,NA
NsiI.TP732133,11,18112,NA,NA,NA,NA
NsiI.TP438769,2,59534222,NA,NA,NA,NA
PstI.TP614866,1,7824409,NA,NA,NA,NA
PstI.TP773869,2,66744137,NA,NA,NA,NA
PstI.TP144070,5,2971536,NA,NA,NA,NA
PstI.TP139749,2,13559614,NA,NA,NA,NA
PstI.TP754866,1,69204551,NA,NA,NA,NA
PstI.TP933601,10,1659429,NA,NA,NA,NA
PstI.TP506126,11,3824,NA,NA,NA,NA
PstI.TP925452,6,48400679,NA,NA,NA,NA
PstI.TP539951,4,3227883,NA,NA,NA,NA
PstI.TP507422,8,44877842,NA,NA,NA,NA
PstI.TP1069523,5,55621669,NA,NA,NA,NA
NsiI.TP615967,11,16721,NA,NA,NA,NA
PstI.TP76770,6,54052803,NA,NA,NA,NA
PstI.TP301133,1,12137712,NA,NA,NA,NA
PstI.TP1281534,11,9033,NA,NA,NA,NA
PstI.TP258963,2,68162387,NA,NA,NA,NA
PstI.TP455987,6,45591084,NA,NA,NA,NA
PstI.TP1227925,6,50604731,NA,NA,NA,NA
PstI.TP588448,9,53165297,NA,NA,NA,NA
PstI.TP1033169,4,68372412,NA,NA,NA,NA
PstI.TP51995,2,74836619,NA,NA,NA,NA
PstI.TP584580,11,4194,NA,NA,NA,NA
PstI.TP28134,3,56267653,NA,NA,NA,NA
PstI.TP1198035,9,52938506,NA,NA,NA,NA
PstI.TP824743,4,51495892,NA,NA,NA,NA
PstI.TP1102598,11,7715,NA,NA,NA,NA
PstI.TP911718,2,72102887,NA,NA,NA,NA
PstI.TP161018,11,1326,NA,NA,NA,NA
NsiI.TP800074,1,6979429,NA,NA,NA,NA
PstI.TP929619,1,1952038,NA,NA,NA,NA
PstI.TP1147564,7,6633613,NA,NA,NA,NA
PstI.TP821727,3,51406610,NA,NA,NA,NA
PstI.TP229546,2,74208278,NA,NA,NA,NA
PstI.TP320710,10,54501313,NA,NA,NA,NA
PstI.TP262789,3,72159095,NA,NA,NA,NA
PstI.TP1162168,1,50144561,NA,NA,NA,NA
NsiI.TP515499,3,73834383,NA,NA,NA,NA
PstI.TP836656,2,74973104,NA,NA,NA,NA
PstI.TP306737,3,71220834,NA,NA,NA,NA
PstI.TP598337,11,4249,NA,NA,NA,NA
PstI.TP452799,1,52828554,NA,NA,NA,NA
NsiI.TP554617,6,46665120,NA,NA,NA,NA
PstI.TP978043,1,75183592,NA,NA,NA,NA
PstI.TP140068,5,3687747,NA,NA,NA,NA
PstI.TP743713,6,53247540,NA,NA,NA,NA
PstI.TP811351,3,4140044,NA,NA,NA,NA
PstI.TP140535,10,56266608,NA,NA,NA,NA
PstI.TP715461,3,20004205,NA,NA,NA,NA
PstI.TP1221179,1,78509132,NA,NA,NA,NA
PstI.TP429929,11,3315,NA,NA,NA,NA
PstI.TP730744,3,16373477,NA,NA,NA,NA
PstI.TP1017446,11,7063,NA,NA,NA,NA
PstI.TP949077,4,7122037,NA,NA,NA,NA
PstI.TP759583,3,71370495,NA,NA,NA,NA
NsiI.TP184008,3,11490897,NA,NA,NA,NA
PstI.TP1114127,11,7803,NA,NA,NA,NA
PstI.TP671156,3,67539818,NA,NA,NA,NA
PstI.TP310149,11,2456,NA,NA,NA,NA
PstI.TP685673,9,53035339,NA,NA,NA,NA
PstI.TP1151420,7,61070494,NA,NA,NA,NA
NsiI.TP506280,11,15342,NA,NA,NA,NA
NsiI.TP555948,3,67784264,NA,NA,NA,NA
PstI.TP213688,4,57521992,NA,NA,NA,NA
NsiI.TP441346,7,62861283,NA,NA,NA,NA
PstI.TP469520,6,53807168,NA,NA,NA,NA
PstI.TP1185359,9,2350553,NA,NA,NA,NA
PstI.TP12971,7,63081914,NA,NA,NA,NA
NsiI.TP502025,2,75191746,NA,NA,NA,NA
PstI.TP53685,8,15754213,NA,NA,NA,NA
PstI.TP388391,3,69918190,NA,NA,NA,NA
PstI.TP479153,6,59457053,NA,NA,NA,NA
PstI.TP336268,3,55896402,NA,NA,NA,NA
PstI.TP1285583,11,9053,NA,NA,NA,NA
NsiI.TP462905,6,60785058,NA,NA,NA,NA
PstI.TP684774,11,4736,NA,NA,NA,NA
PstI.TP1038157,11,7211,NA,NA,NA,NA
PstI.TP1027912,7,58053493,NA,NA,NA,NA
PstI.TP667320,1,10965394,NA,NA,NA,NA
PstI.TP507771,7,60945817,NA,NA,NA,NA
PstI.TP1254873,7,56573089,NA,NA,NA,NA
PstI.TP579186,1,19637965,NA,NA,NA,NA
PstI.TP724939,3,66915295,NA,NA,NA,NA
PstI.TP317589,5,59272686,NA,NA,NA,NA
PstI.TP349556,9,56207028,NA,NA,NA,NA
PstI.TP1252197,1,5912854,NA,NA,NA,NA
PstI.TP125348,7,63881820,NA,NA,NA,NA
PstI.TP288904,1,62080065,NA,NA,NA,NA
PstI.TP740770,7,8648631,NA,NA,NA,NA
PstI.TP887215,6,51434149,NA,NA,NA,NA
NsiI.TP407119,4,6500382,NA,NA,NA,NA
PstI.TP790069,2,699673,NA,NA,NA,NA
NsiI.TP812501,11,19090,NA,NA,NA,NA
PstI.TP1248423,5,1988487,NA,NA,NA,NA
PstI.TP1047233,3,61797601,NA,NA,NA,NA
PstI.TP550784,1,9140137,NA,NA,NA,NA
PstI.TP750772,10,23214478,NA,NA,NA,NA
PstI.TP843955,6,52307437,NA,NA,NA,NA
PstI.TP876687,2,71285534,NA,NA,NA,NA
PstI.TP807213,1,57183105,NA,NA,NA,NA
PstI.TP665437,1,54999161,NA,NA,NA,NA
PstI.TP986652,10,55293480,NA,NA,NA,NA
PstI.TP712786,1,7449325,NA,NA,NA,NA
PstI.TP816116,1,59685970,NA,NA,NA,NA
PstI.TP1155202,1,3620639,NA,NA,NA,NA
PstI.TP521447,8,3072937,NA,NA,NA,NA
NsiI.TP616451,3,15756558,NA,NA,NA,NA
PstI.TP38843,6,59303111,NA,NA,NA,NA
PstI.TP60703,3,18784626,NA,NA,NA,NA
PstI.TP922645,11,6454,NA,NA,NA,NA
NsiI.TP363762,11,13147,NA,NA,NA,NA
NsiI.TP580323,3,18001535,NA,NA,NA,NA
PstI.TP730140,4,66928932,NA,NA,NA,NA
NsiI.TP521884,5,3858576,NA,NA,NA,NA
PstI.TP319528,9,6127592,NA,NA,NA,NA
PstI.TP816739,1,64060896,NA,NA,NA,NA
PstI.TP342506,5,15673619,NA,NA,NA,NA
NsiI.TP383201,4,62497766,NA,NA,NA,NA
NsiI.TP44825,1,70914156,NA,NA,NA,NA
PstI.TP95450,1,74768149,NA,NA,NA,NA
PstI.TP339012,4,23730556,NA,NA,NA,NA
PstI.TP424566,1,8533790,NA,NA,NA,NA
PstI.TP550469,2,70228783,NA,NA,NA,NA
PstI.TP1212724,1,72123046,NA,NA,NA,NA
PstI.TP451853,11,3460,NA,NA,NA,NA
PstI.TP530513,6,55454149,NA,NA,NA,NA
PstI.TP1216947,11,8569,NA,NA,NA,NA
PstI.TP1025940,6,51870695,NA,NA,NA,NA
PstI.TP1251654,4,66716644,NA,NA,NA,NA
PstI.TP1014210,11,7040,NA,NA,NA,NA
PstI.TP469702,6,50857851,NA,NA,NA,NA
PstI.TP1209642,2,7903969,NA,NA,NA,NA
PstI.TP898033,11,6259,NA,NA,NA,NA
NsiI.TP337589,4,923915,NA,NA,NA,NA
PstI.TP1129605,2,60533982,NA,NA,NA,NA
PstI.TP1243137,8,241410,NA,NA,NA,NA
NsiI.TP407405,6,51544211,NA,NA,NA,NA
PstI.TP533660,9,13375469,NA,NA,NA,NA
PstI.TP761935,1,22258955,NA,NA,NA,NA
PstI.TP1186531,5,1575450,NA,NA,NA,NA
PstI.TP506830,4,5166890,NA,NA,NA,NA
PstI.TP543102,11,4035,NA,NA,NA,NA
PstI.TP1018061,6,49747202,NA,NA,NA,NA
NsiI.TP422015,11,13841,NA,NA,NA,NA
PstI.TP693626,3,692292,NA,NA,NA,NA
PstI.TP1215143,11,8559,NA,NA,NA,NA
PstI.TP848433,1,72949385,NA,NA,NA,NA
PstI.TP339412,1,72911521,NA,NA,NA,NA
PstI.TP1040444,1,61649660,NA,NA,NA,NA
PstI.TP646559,8,62211239,NA,NA,NA,NA
PstI.TP322890,6,46091816,NA,NA,NA,NA
PstI.TP648892,11,4579,NA,NA,NA,NA
NsiI.TP730441,3,70813388,NA,NA,NA,NA
PstI.TP509367,4,420393,NA,NA,NA,NA
NsiI.TP810468,6,52878123,NA,NA,NA,NA
PstI.TP231608,1,46403489,NA,NA,NA,NA
PstI.TP77067,1,79664579,NA,NA,NA,NA
PstI.TP690066,11,4769,NA,NA,NA,NA
PstI.TP307588,1,4762662,NA,NA,NA,NA
NsiI.TP503474,7,60458156,NA,NA,NA,NA
NsiI.TP426185,3,6645847,NA,NA,NA,NA
PstI.TP593877,9,55077360,NA,NA,NA,NA
PstI.TP31070,1,30825121,NA,NA,NA,NA
PstI.TP840565,2,31129874,NA,NA,NA,NA
PstI.TP1281541,1,64484981,NA,NA,NA,NA
PstI.TP812943,2,61589887,NA,NA,NA,NA
PstI.TP961110,1,65184135,NA,NA,NA,NA
PstI.TP999740,1,569491,NA,NA,NA,NA
PstI.TP947087,2,13610693,NA,NA,NA,NA
PstI.TP647641,8,61103675,NA,NA,NA,NA
PstI.TP379265,11,2966,NA,NA,NA,NA
PstI.TP249196,8,60970122,NA,NA,NA,NA
PstI.TP74252,3,4598161,NA,NA,NA,NA
PstI.TP208272,6,53679758,NA,NA,NA,NA
PstI.TP789303,3,2503265,NA,NA,NA,NA
PstI.TP979536,5,2060722,NA,NA,NA,NA
PstI.TP458571,2,3669039,NA,NA,NA,NA
PstI.TP669832,2,76707459,NA,NA,NA,NA
PstI.TP803239,11,5565,NA,NA,NA,NA
PstI.TP1000389,7,44396572,NA,NA,NA,NA
PstI.TP125251,11,1045,NA,NA,NA,NA
PstI.TP937647,11,6560,NA,NA,NA,NA
PstI.TP581911,5,1401801,NA,NA,NA,NA
PstI.TP721355,4,64776340,NA,NA,NA,NA
PstI.TP334179,6,58406668,NA,NA,NA,NA
PstI.TP292445,4,62388173,NA,NA,NA,NA
PstI.TP897772,1,80876731,NA,NA,NA,NA
PstI.TP1143289,11,8009,NA,NA,NA,NA
NsiI.TP311989,9,49682483,NA,NA,NA,NA
PstI.TP689316,4,64420154,NA,NA,NA,NA
PstI.TP884326,11,6177,NA,NA,NA,NA
PstI.TP107349,4,58096875,NA,NA,NA,NA
PstI.TP419801,8,1077354,NA,NA,NA,NA
PstI.TP929514,6,55096318,NA,NA,NA,NA
NsiI.TP94007,1,60313546,NA,NA,NA,NA
PstI.TP1072616,1,78788131,NA,NA,NA,NA
PstI.TP833228,2,23342056,NA,NA,NA,NA
PstI.TP934024,11,6539,NA,NA,NA,NA
PstI.TP619580,11,4344,NA,NA,NA,NA
PstI.TP774975,1,61157443,NA,NA,NA,NA
PstI.TP1007652,10,9980333,NA,NA,NA,NA
PstI.TP378140,3,63771773,NA,NA,NA,NA
PstI.TP264010,1,57283338,NA,NA,NA,NA
PstI.TP6025,2,62661228,NA,NA,NA,NA
NsiI.TP364137,6,56610072,NA,NA,NA,NA
PstI.TP374113,11,2928,NA,NA,NA,NA
PstI.TP931820,1,284314,NA,NA,NA,NA
PstI.TP317655,3,70764880,NA,NA,NA,NA
PstI.TP846454,7,54554537,NA,NA,NA,NA
PstI.TP460814,11,3520,NA,NA,NA,NA
PstI.TP79115,4,60133712,NA,NA,NA,NA
NsiI.TP688484,2,70530734,NA,NA,NA,NA
PstI.TP1251020,7,1288842,NA,NA,NA,NA
PstI.TP941904,11,6590,NA,NA,NA,NA
PstI.TP1160855,2,61313736,NA,NA,NA,NA
PstI.TP425356,1,569039,NA,NA,NA,NA
NsiI.TP331241,11,12790,NA,NA,NA,NA
PstI.TP1087177,3,52153001,NA,NA,NA,NA
PstI.TP624914,11,4385,NA,NA,NA,NA
PstI.TP323188,11,2560,NA,NA,NA,NA
PstI.TP706641,3,74303182,NA,NA,NA,NA
PstI.TP302384,6,53169269,NA,NA,NA,NA
NsiI.TP431930,11,14072,NA,NA,NA,NA
NsiI.TP620135,3,16826264,NA,NA,NA,NA
PstI.TP811157,11,5621,NA,NA,NA,NA
NsiI.TP304764,3,1836392,NA,NA,NA,NA
NsiI.TP362299,11,13124,NA,NA,NA,NA
PstI.TP10552,11,79,NA,NA,NA,NA
NsiI.TP317101,3,61771383,NA,NA,NA,NA
PstI.TP742405,9,3885435,NA,NA,NA,NA
PstI.TP297697,7,65274615,NA,NA,NA,NA
PstI.TP797083,3,58432596,NA,NA,NA,NA
PstI.TP855651,4,10722059,NA,NA,NA,NA
PstI.TP911974,10,44646981,NA,NA,NA,NA
PstI.TP957946,2,6015319,NA,NA,NA,NA
PstI.TP1120910,2,2555547,NA,NA,NA,NA
PstI.TP890977,1,20013575,NA,NA,NA,NA
PstI.TP1224807,5,3620091,NA,NA,NA,NA
PstI.TP56795,1,2315051,NA,NA,NA,NA
PstI.TP45420,8,59829645,NA,NA,NA,NA
PstI.TP358095,4,78261,NA,NA,NA,NA
PstI.TP485183,7,5360417,NA,NA,NA,NA
PstI.TP945766,6,54258844,NA,NA,NA,NA
PstI.TP1255957,10,57956794,NA,NA,NA,NA
PstI.TP940228,4,67759601,NA,NA,NA,NA
PstI.TP1014264,1,75579176,NA,NA,NA,NA
PstI.TP698835,11,4830,NA,NA,NA,NA
PstI.TP633023,11,4448,NA,NA,NA,NA
PstI.TP1121282,10,58066144,NA,NA,NA,NA
PstI.TP86735,7,59567585,NA,NA,NA,NA
NsiI.TP196066,11,11300,NA,NA,NA,NA
PstI.TP893577,6,53399705,NA,NA,NA,NA
PstI.TP195822,7,60945564,NA,NA,NA,NA
PstI.TP95118,9,58539170,NA,NA,NA,NA
PstI.TP892511,7,657459,NA,NA,NA,NA
NsiI.TP401041,6,59883335,NA,NA,NA,NA
PstI.TP468115,1,69143489,NA,NA,NA,NA
PstI.TP862004,7,62011344,NA,NA,NA,NA
PstI.TP229716,2,52006699,NA,NA,NA,NA
PstI.TP277119,2,66298262,NA,NA,NA,NA
PstI.TP316648,9,55957859,NA,NA,NA,NA
PstI.TP368198,10,2195865,NA,NA,NA,NA
PstI.TP396501,3,62733946,NA,NA,NA,NA
PstI.TP1002549,3,61933672,NA,NA,NA,NA
PstI.TP1220698,11,8596,NA,NA,NA,NA
PstI.TP38299,3,51647164,NA,NA,NA,NA
PstI.TP270940,5,68495452,NA,NA,NA,NA
PstI.TP836173,11,5793,NA,NA,NA,NA
PstI.TP1281337,4,63140625,NA,NA,NA,NA
PstI.TP1168619,1,72248681,NA,NA,NA,NA
PstI.TP130695,11,1099,NA,NA,NA,NA
PstI.TP1171163,2,76656926,NA,NA,NA,NA
PstI.TP689267,11,4765,NA,NA,NA,NA
PstI.TP727388,10,53174248,NA,NA,NA,NA
NsiI.TP642960,3,68906982,NA,NA,NA,NA
PstI.TP314157,11,2482,NA,NA,NA,NA
PstI.TP207910,11,1698,NA,NA,NA,NA
PstI.TP1246489,3,6130583,NA,NA,NA,NA
PstI.TP532325,5,18806244,NA,NA,NA,NA
PstI.TP108652,2,15963619,NA,NA,NA,NA
NsiI.TP148994,4,66874533,NA,NA,NA,NA
PstI.TP1235826,9,41258170,NA,NA,NA,NA
PstI.TP651320,5,35481232,NA,NA,NA,NA
PstI.TP1076182,6,47618418,NA,NA,NA,NA
PstI.TP589466,11,4216,NA,NA,NA,NA
PstI.TP264946,11,2151,NA,NA,NA,NA
PstI.TP96755,1,57367730,NA,NA,NA,NA
PstI.TP967109,3,4646186,NA,NA,NA,NA
PstI.TP125339,8,10914403,NA,NA,NA,NA
PstI.TP246674,4,4598220,NA,NA,NA,NA
PstI.TP632675,11,4443,NA,NA,NA,NA
PstI.TP833712,10,5951604,NA,NA,NA,NA
PstI.TP798778,3,63375873,NA,NA,NA,NA
PstI.TP831876,8,15839243,NA,NA,NA,NA
PstI.TP948861,2,68614882,NA,NA,NA,NA
PstI.TP622235,10,12390554,NA,NA,NA,NA
PstI.TP284290,10,1529382,NA,NA,NA,NA
NsiI.TP458763,3,8481480,NA,NA,NA,NA
PstI.TP1020277,1,23246220,NA,NA,NA,NA
PstI.TP631928,11,4437,NA,NA,NA,NA
PstI.TP636397,2,65617813,NA,NA,NA,NA
PstI.TP651505,10,11456346,NA,NA,NA,NA
NsiI.TP56799,2,71751615,NA,NA,NA,NA
NsiI.TP545621,10,43191875,NA,NA,NA,NA
NsiI.TP282767,6,55154575,NA,NA,NA,NA
PstI.TP875497,1,17132096,NA,NA,NA,NA
PstI.TP541336,3,50804241,NA,NA,NA,NA
PstI.TP580644,6,47793342,NA,NA,NA,NA
PstI.TP910355,3,11278736,NA,NA,NA,NA
PstI.TP201752,11,1651,NA,NA,NA,NA
PstI.TP1012849,9,50040368,NA,NA,NA,NA
PstI.TP948493,1,10639570,NA,NA,NA,NA
PstI.TP896979,1,28970255,NA,NA,NA,NA
NsiI.TP436445,11,14181,NA,NA,NA,NA
PstI.TP667600,4,39529579,NA,NA,NA,NA
PstI.TP548596,1,16432580,NA,NA,NA,NA
PstI.TP738023,2,59441982,NA,NA,NA,NA
NsiI.TP675233,9,58409914,NA,NA,NA,NA
PstI.TP1251961,9,48731998,NA,NA,NA,NA
PstI.TP364953,11,2884,NA,NA,NA,NA
PstI.TP345976,1,69318742,NA,NA,NA,NA
PstI.TP450294,2,72761555,NA,NA,NA,NA
PstI.TP418657,9,3167458,NA,NA,NA,NA
NsiI.TP193091,1,77956626,NA,NA,NA,NA
PstI.TP1129300,4,64425706,NA,NA,NA,NA
PstI.TP424478,11,3280,NA,NA,NA,NA
PstI.TP433676,2,75336590,NA,NA,NA,NA
PstI.TP481755,1,51889649,NA,NA,NA,NA
PstI.TP930435,2,59600248,NA,NA,NA,NA
PstI.TP1068412,11,7438,NA,NA,NA,NA
PstI.TP436494,1,71906250,NA,NA,NA,NA
PstI.TP1273751,7,4585882,NA,NA,NA,NA
PstI.TP1164091,6,56319647,NA,NA,NA,NA
PstI.TP446073,7,10755390,NA,NA,NA,NA
PstI.TP679776,11,4711,NA,NA,NA,NA
PstI.TP1031882,2,10618717,NA,NA,NA,NA
NsiI.TP432863,4,67320729,NA,NA,NA,NA
PstI.TP773311,1,71563448,NA,NA,NA,NA
PstI.TP1256120,3,48694888,NA,NA,NA,NA
PstI.TP850631,2,602280,NA,NA,NA,NA
PstI.TP727839,11,5019,NA,NA,NA,NA
PstI.TP1044398,10,57687904,NA,NA,NA,NA
PstI.TP904740,11,6310,NA,NA,NA,NA
PstI.TP170658,4,45392020,NA,NA,NA,NA
PstI.TP745087,3,71534823,NA,NA,NA,NA
PstI.TP547229,1,6574881,NA,NA,NA,NA
PstI.TP827144,3,65732872,NA,NA,NA,NA
PstI.TP1246574,10,2518921,NA,NA,NA,NA
PstI.TP114435,6,51935989,NA,NA,NA,NA
PstI.TP114052,3,56021734,NA,NA,NA,NA
NsiI.TP742789,1,56568036,NA,NA,NA,NA
PstI.TP140451,1,4460094,NA,NA,NA,NA
PstI.TP347863,11,2739,NA,NA,NA,NA
PstI.TP972363,3,66704307,NA,NA,NA,NA
PstI.TP106636,3,63699645,NA,NA,NA,NA
PstI.TP323959,3,57882705,NA,NA,NA,NA
PstI.TP548274,7,51500731,NA,NA,NA,NA
PstI.TP925206,10,58730377,NA,NA,NA,NA
PstI.TP393128,7,60228191,NA,NA,NA,NA
PstI.TP590182,1,71928782,NA,NA,NA,NA
PstI.TP250202,2,61270945,NA,NA,NA,NA
PstI.TP1005487,3,49717109,NA,NA,NA,NA
PstI.TP720409,1,58165134,NA,NA,NA,NA
PstI.TP460957,2,63153566,NA,NA,NA,NA
PstI.TP875232,4,1379976,NA,NA,NA,NA
PstI.TP132713,4,1009711,NA,NA,NA,NA
PstI.TP780771,9,59133543,NA,NA,NA,NA
PstI.TP1007241,5,250902,NA,NA,NA,NA
NsiI.TP743302,4,68354909,NA,NA,NA,NA
NsiI.TP624734,11,16871,NA,NA,NA,NA
PstI.TP88536,11,742,NA,NA,NA,NA
PstI.TP1136661,1,6752030,NA,NA,NA,NA
PstI.TP742374,11,5130,NA,NA,NA,NA
PstI.TP545376,9,4103280,NA,NA,NA,NA
PstI.TP210200,11,1720,NA,NA,NA,NA
PstI.TP707693,4,5818754,NA,NA,NA,NA
PstI.TP1035670,7,59054724,NA,NA,NA,NA
PstI.TP1099085,10,7953720,NA,NA,NA,NA
PstI.TP868312,7,61529395,NA,NA,NA,NA
PstI.TP1158253,6,57627001,NA,NA,NA,NA
PstI.TP358092,4,78246,NA,NA,NA,NA
PstI.TP480204,7,17216627,NA,NA,NA,NA
PstI.TP347563,6,51192256,NA,NA,NA,NA
PstI.TP143333,4,44467739,NA,NA,NA,NA
PstI.TP226901,11,1863,NA,NA,NA,NA
PstI.TP889862,1,72868614,NA,NA,NA,NA
PstI.TP130801,5,69682003,NA,NA,NA,NA
PstI.TP676134,9,57652835,NA,NA,NA,NA
PstI.TP444825,1,6930877,NA,NA,NA,NA
PstI.TP368020,3,4665593,NA,NA,NA,NA
PstI.TP977259,10,57435024,NA,NA,NA,NA
PstI.TP1026778,1,69284392,NA,NA,NA,NA
PstI.TP116123,1,5967108,NA,NA,NA,NA
PstI.TP890955,1,20013544,NA,NA,NA,NA
PstI.TP384804,2,65029446,NA,NA,NA,NA
NsiI.TP48486,11,9715,NA,NA,NA,NA
PstI.TP787829,9,41932983,NA,NA,NA,NA
PstI.TP908401,4,47909121,NA,NA,NA,NA
PstI.TP444440,11,3411,NA,NA,NA,NA
PstI.TP483846,1,61901448,NA,NA,NA,NA
PstI.TP548830,4,59544955,NA,NA,NA,NA
PstI.TP6058,11,37,NA,NA,NA,NA
PstI.TP444248,11,3408,NA,NA,NA,NA
PstI.TP258827,3,6794341,NA,NA,NA,NA
PstI.TP28954,3,57848808,NA,NA,NA,NA
PstI.TP1127198,11,7909,NA,NA,NA,NA
PstI.TP251999,1,68828244,NA,NA,NA,NA
PstI.TP845124,2,51289268,NA,NA,NA,NA
PstI.TP1239800,11,8727,NA,NA,NA,NA
PstI.TP364469,1,15807512,NA,NA,NA,NA
PstI.TP745600,1,15174350,NA,NA,NA,NA
PstI.TP48914,2,64219114,NA,NA,NA,NA
PstI.TP774504,4,7549373,NA,NA,NA,NA
PstI.TP1126063,10,5769848,NA,NA,NA,NA
PstI.TP48113,11,409,NA,NA,NA,NA
PstI.TP743016,3,63741878,NA,NA,NA,NA
NsiI.TP39913,2,76409395,NA,NA,NA,NA
PstI.TP710636,6,45894338,NA,NA,NA,NA
PstI.TP956432,11,6670,NA,NA,NA,NA
PstI.TP180013,3,66851078,NA,NA,NA,NA
PstI.TP631340,6,54158095,NA,NA,NA,NA
PstI.TP901866,2,7365029,NA,NA,NA,NA
PstI.TP1065040,8,41491760,NA,NA,NA,NA
PstI.TP278923,10,21876858,NA,NA,NA,NA
PstI.TP83640,5,56109668,NA,NA,NA,NA
PstI.TP889563,11,6217,NA,NA,NA,NA
PstI.TP338468,11,2668,NA,NA,NA,NA
PstI.TP803468,6,47699983,NA,NA,NA,NA
PstI.TP530571,3,45538893,NA,NA,NA,NA
PstI.TP244212,10,50286739,NA,NA,NA,NA
PstI.TP452364,1,70416615,NA,NA,NA,NA
PstI.TP236690,3,60908020,NA,NA,NA,NA
PstI.TP835148,1,11456164,NA,NA,NA,NA
PstI.TP882172,11,6160,NA,NA,NA,NA
PstI.TP273678,3,12316343,NA,NA,NA,NA
PstI.TP810140,2,59709495,NA,NA,NA,NA
PstI.TP356253,8,3819223,NA,NA,NA,NA
PstI.TP1263302,2,71707680,NA,NA,NA,NA
PstI.TP811183,11,5622,NA,NA,NA,NA
PstI.TP549992,1,70753172,NA,NA,NA,NA
NsiI.TP86948,2,72054087,NA,NA,NA,NA
NsiI.TP504485,1,3381640,NA,NA,NA,NA
PstI.TP8678,2,2984246,NA,NA,NA,NA
PstI.TP82277,11,687,NA,NA,NA,NA
PstI.TP966312,6,54237208,NA,NA,NA,NA
PstI.TP241720,11,1974,NA,NA,NA,NA
NsiI.TP158596,11,10873,NA,NA,NA,NA
NsiI.TP450818,11,14474,NA,NA,NA,NA
PstI.TP915538,11,6398,NA,NA,NA,NA
PstI.TP1065133,1,75825553,NA,NA,NA,NA
PstI.TP263305,1,75579096,NA,NA,NA,NA
NsiI.TP99626,9,55446767,NA,NA,NA,NA
PstI.TP109994,3,998411,NA,NA,NA,NA
NsiI.TP820576,2,73503160,NA,NA,NA,NA
PstI.TP868925,4,7967759,NA,NA,NA,NA
NsiI.TP471716,11,14795,NA,NA,NA,NA
PstI.TP158812,4,10951684,NA,NA,NA,NA
NsiI.TP44015,3,59016749,NA,NA,NA,NA
PstI.TP786567,1,65736737,NA,NA,NA,NA
PstI.TP710507,1,75154807,NA,NA,NA,NA
PstI.TP510044,1,31327463,NA,NA,NA,NA
PstI.TP752706,6,40067328,NA,NA,NA,NA
PstI.TP1158265,11,8131,NA,NA,NA,NA
PstI.TP291849,1,5571398,NA,NA,NA,NA
PstI.TP636369,7,5813087,NA,NA,NA,NA
PstI.TP744946,10,1055316,NA,NA,NA,NA
PstI.TP1121003,2,62934564,NA,NA,NA,NA
PstI.TP795667,8,528900,NA,NA,NA,NA
PstI.TP409444,11,3169,NA,NA,NA,NA
PstI.TP1002850,11,6959,NA,NA,NA,NA
PstI.TP842838,6,60343852,NA,NA,NA,NA
PstI.TP777320,4,3534524,NA,NA,NA,NA
PstI.TP417865,1,2030761,NA,NA,NA,NA
PstI.TP552676,11,4085,NA,NA,NA,NA
PstI.TP709334,3,66159458,NA,NA,NA,NA
PstI.TP619311,11,4342,NA,NA,NA,NA
PstI.TP360583,2,76751283,NA,NA,NA,NA
NsiI.TP556871,11,16026,NA,NA,NA,NA
PstI.TP1064534,3,1870807,NA,NA,NA,NA
PstI.TP303248,11,2396,NA,NA,NA,NA
PstI.TP1098788,11,7687,NA,NA,NA,NA
PstI.TP37827,11,309,NA,NA,NA,NA
PstI.TP780145,9,54592677,NA,NA,NA,NA
PstI.TP252584,11,2055,NA,NA,NA,NA
PstI.TP770188,11,5317,NA,NA,NA,NA
PstI.TP1208950,3,8740326,NA,NA,NA,NA
PstI.TP56167,5,66355886,NA,NA,NA,NA
PstI.TP905212,6,57657570,NA,NA,NA,NA
PstI.TP91130,1,72585815,NA,NA,NA,NA
PstI.TP160378,4,65368583,NA,NA,NA,NA
NsiI.TP816685,4,67966873,NA,NA,NA,NA
PstI.TP314244,1,76274649,NA,NA,NA,NA
PstI.TP237881,11,1949,NA,NA,NA,NA
PstI.TP1207347,1,72663921,NA,NA,NA,NA
PstI.TP1131319,8,59436386,NA,NA,NA,NA
PstI.TP371413,11,2915,NA,NA,NA,NA
PstI.TP22664,10,60311066,NA,NA,NA,NA
PstI.TP948061,11,6623,NA,NA,NA,NA
PstI.TP91283,9,57061948,NA,NA,NA,NA
PstI.TP306460,5,13194806,NA,NA,NA,NA
PstI.TP585251,2,66036168,NA,NA,NA,NA
NsiI.TP234267,3,70840629,NA,NA,NA,NA
PstI.TP802013,11,5556,NA,NA,NA,NA
PstI.TP308152,3,6124917,NA,NA,NA,NA
PstI.TP182896,9,50513017,NA,NA,NA,NA
PstI.TP309238,1,27158767,NA,NA,NA,NA
NsiI.TP615647,2,68626980,NA,NA,NA,NA
PstI.TP115189,2,41366046,NA,NA,NA,NA
PstI.TP753660,4,67859176,NA,NA,NA,NA
PstI.TP241635,1,75313297,NA,NA,NA,NA
PstI.TP839848,4,11496748,NA,NA,NA,NA
NsiI.TP229964,9,54430662,NA,NA,NA,NA
NsiI.TP234353,7,56772484,NA,NA,NA,NA
PstI.TP1083210,2,74137420,NA,NA,NA,NA
PstI.TP132033,2,66024864,NA,NA,NA,NA
PstI.TP1169636,11,8220,NA,NA,NA,NA
PstI.TP1102564,1,67094571,NA,NA,NA,NA
PstI.TP447008,4,65767007,NA,NA,NA,NA
PstI.TP826117,11,5712,NA,NA,NA,NA
PstI.TP377612,1,9851429,NA,NA,NA,NA
PstI.TP1045708,1,69041513,NA,NA,NA,NA
PstI.TP594696,10,7119016,NA,NA,NA,NA
PstI.TP254236,11,2071,NA,NA,NA,NA
PstI.TP83264,6,56897554,NA,NA,NA,NA
PstI.TP291227,4,59509607,NA,NA,NA,NA
PstI.TP335471,4,56710032,NA,NA,NA,NA
PstI.TP881035,8,62310101,NA,NA,NA,NA
NsiI.TP366177,11,13171,NA,NA,NA,NA
PstI.TP453426,11,3473,NA,NA,NA,NA
PstI.TP1131578,1,68512918,NA,NA,NA,NA
NsiI.TP9939,11,9230,NA,NA,NA,NA
PstI.TP350614,9,2097298,NA,NA,NA,NA
PstI.TP433234,11,3320,NA,NA,NA,NA
PstI.TP1200707,4,58878410,NA,NA,NA,NA
PstI.TP810944,7,61876950,NA,NA,NA,NA
PstI.TP802068,4,59707017,NA,NA,NA,NA
PstI.TP256348,11,2093,NA,NA,NA,NA
PstI.TP835929,10,3862305,NA,NA,NA,NA
PstI.TP604956,10,5628757,NA,NA,NA,NA
PstI.TP1087906,11,7591,NA,NA,NA,NA
PstI.TP778721,2,72456067,NA,NA,NA,NA
PstI.TP542649,1,9116308,NA,NA,NA,NA
PstI.TP54880,8,1461814,NA,NA,NA,NA
PstI.TP981260,11,6804,NA,NA,NA,NA
PstI.TP410927,11,3181,NA,NA,NA,NA
PstI.TP728315,4,6366039,NA,NA,NA,NA
PstI.TP197872,6,60334759,NA,NA,NA,NA
NsiI.TP45237,11,9692,NA,NA,NA,NA
NsiI.TP113035,7,1804303,NA,NA,NA,NA
PstI.TP372159,6,397980,NA,NA,NA,NA
PstI.TP480040,6,46122577,NA,NA,NA,NA
PstI.TP120320,11,1001,NA,NA,NA,NA
PstI.TP287434,10,2711554,NA,NA,NA,NA
PstI.TP228545,2,63881407,NA,NA,NA,NA
PstI.TP1169832,4,56534152,NA,NA,NA,NA
PstI.TP1243820,6,2081667,NA,NA,NA,NA
PstI.TP332893,2,63934460,NA,NA,NA,NA
PstI.TP989477,2,124717,NA,NA,NA,NA
NsiI.TP727162,5,15122057,NA,NA,NA,NA
NsiI.TP173516,1,15009936,NA,NA,NA,NA
PstI.TP923633,3,56983174,NA,NA,NA,NA
PstI.TP174000,11,1429,NA,NA,NA,NA
PstI.TP1208174,5,650322,NA,NA,NA,NA
PstI.TP1245745,1,18203316,NA,NA,NA,NA
PstI.TP1075072,3,3875096,NA,NA,NA,NA
NsiI.TP732153,11,18113,NA,NA,NA,NA
PstI.TP548121,9,58253929,NA,NA,NA,NA
PstI.TP724567,11,5004,NA,NA,NA,NA
NsiI.TP388426,3,311330,NA,NA,NA,NA
NsiI.TP636278,9,5624719,NA,NA,NA,NA
PstI.TP940076,9,55493743,NA,NA,NA,NA
PstI.TP822327,1,56871868,NA,NA,NA,NA
NsiI.TP91904,3,61568869,NA,NA,NA,NA
PstI.TP75281,9,3177941,NA,NA,NA,NA
PstI.TP403269,11,3130,NA,NA,NA,NA
PstI.TP690745,4,59576775,NA,NA,NA,NA
PstI.TP498398,1,10010021,NA,NA,NA,NA
PstI.TP773866,2,57873632,NA,NA,NA,NA
PstI.TP731332,11,5041,NA,NA,NA,NA
PstI.TP700182,9,56152423,NA,NA,NA,NA
NsiI.TP145721,3,70764680,NA,NA,NA,NA
PstI.TP121587,7,7568149,NA,NA,NA,NA
PstI.TP532736,2,62195730,NA,NA,NA,NA
PstI.TP1107212,3,326411,NA,NA,NA,NA
PstI.TP1162955,11,8169,NA,NA,NA,NA
NsiI.TP456517,1,71506832,NA,NA,NA,NA
PstI.TP190927,3,3236781,NA,NA,NA,NA
PstI.TP302415,11,2390,NA,NA,NA,NA
PstI.TP117081,2,45986549,NA,NA,NA,NA
PstI.TP875578,4,55697620,NA,NA,NA,NA
PstI.TP804144,11,5574,NA,NA,NA,NA
PstI.TP300300,11,2369,NA,NA,NA,NA
PstI.TP75872,3,55474631,NA,NA,NA,NA
PstI.TP34641,9,51765933,NA,NA,NA,NA
PstI.TP1038754,8,58785840,NA,NA,NA,NA
PstI.TP944699,6,43235510,NA,NA,NA,NA
PstI.TP731228,3,66513421,NA,NA,NA,NA
PstI.TP290387,9,3312855,NA,NA,NA,NA
NsiI.TP435960,10,45929366,NA,NA,NA,NA
NsiI.TP476728,3,67867988,NA,NA,NA,NA
PstI.TP1197317,2,72276730,NA,NA,NA,NA
PstI.TP639375,5,655773,NA,NA,NA,NA
PstI.TP271714,1,262844,NA,NA,NA,NA
PstI.TP490849,6,48413744,NA,NA,NA,NA
PstI.TP1100260,3,62171188,NA,NA,NA,NA
NsiI.TP270508,5,36765256,NA,NA,NA,NA
NsiI.TP375218,1,7321465,NA,NA,NA,NA
PstI.TP833275,1,77225365,NA,NA,NA,NA
PstI.TP107255,10,1588745,NA,NA,NA,NA
PstI.TP1021339,2,63565830,NA,NA,NA,NA
NsiI.TP674468,6,49590276,NA,NA,NA,NA
PstI.TP1206934,3,6141050,NA,NA,NA,NA
PstI.TP442698,6,59971726,NA,NA,NA,NA
PstI.TP909576,11,6352,NA,NA,NA,NA
PstI.TP947067,11,6615,NA,NA,NA,NA
PstI.TP1117462,6,45727155,NA,NA,NA,NA
PstI.TP643290,1,53455562,NA,NA,NA,NA
PstI.TP9547,1,5534818,NA,NA,NA,NA
NsiI.TP756597,4,62292852,NA,NA,NA,NA
PstI.TP1277784,3,3752097,NA,NA,NA,NA
NsiI.TP330963,10,56296082,NA,NA,NA,NA
PstI.TP1201184,6,51500444,NA,NA,NA,NA
PstI.TP998988,3,59275358,NA,NA,NA,NA
PstI.TP1068006,3,51034769,NA,NA,NA,NA
PstI.TP167190,7,62053736,NA,NA,NA,NA
PstI.TP189568,9,3236820,NA,NA,NA,NA
PstI.TP508387,3,54826011,NA,NA,NA,NA
PstI.TP834454,11,5776,NA,NA,NA,NA
PstI.TP921434,3,71315794,NA,NA,NA,NA
PstI.TP288834,11,2294,NA,NA,NA,NA
PstI.TP1217016,3,11532831,NA,NA,NA,NA
NsiI.TP815402,9,55446804,NA,NA,NA,NA
PstI.TP1230363,2,67341370,NA,NA,NA,NA
PstI.TP817265,11,5656,NA,NA,NA,NA
PstI.TP709133,4,64107407,NA,NA,NA,NA
PstI.TP261824,1,50142562,NA,NA,NA,NA
PstI.TP135740,7,59986622,NA,NA,NA,NA
NsiI.TP148399,3,63530653,NA,NA,NA,NA
PstI.TP539634,6,55893141,NA,NA,NA,NA
PstI.TP1041006,1,57001520,NA,NA,NA,NA
NsiI.TP511158,11,15442,NA,NA,NA,NA
PstI.TP1204344,11,8498,NA,NA,NA,NA
PstI.TP280352,11,2259,NA,NA,NA,NA
PstI.TP266635,9,48104553,NA,NA,NA,NA
PstI.TP697705,4,60476665,NA,NA,NA,NA
PstI.TP750514,2,62972310,NA,NA,NA,NA
PstI.TP117089,2,45986595,NA,NA,NA,NA
PstI.TP1050629,4,60884477,NA,NA,NA,NA
PstI.TP501971,10,8186495,NA,NA,NA,NA
PstI.TP674153,1,78459110,NA,NA,NA,NA
PstI.TP104721,6,51870344,NA,NA,NA,NA
PstI.TP690923,6,1569673,NA,NA,NA,NA
NsiI.TP499949,1,72170440,NA,NA,NA,NA
PstI.TP401749,7,8817658,NA,NA,NA,NA
PstI.TP603122,1,70276636,NA,NA,NA,NA
PstI.TP398337,11,3106,NA,NA,NA,NA
PstI.TP265375,1,21509659,NA,NA,NA,NA
NsiI.TP34193,6,47900218,NA,NA,NA,NA
PstI.TP437245,9,54288726,NA,NA,NA,NA
PstI.TP509694,4,54072592,NA,NA,NA,NA
PstI.TP397772,10,13563411,NA,NA,NA,NA
NsiI.TP611047,1,185165,NA,NA,NA,NA
PstI.TP503391,2,73095782,NA,NA,NA,NA
PstI.TP273553,5,52197136,NA,NA,NA,NA
PstI.TP343679,11,2707,NA,NA,NA,NA
PstI.TP82969,11,695,NA,NA,NA,NA
NsiI.TP243894,2,65614474,NA,NA,NA,NA
PstI.TP374511,1,3576636,NA,NA,NA,NA
PstI.TP475981,11,3612,NA,NA,NA,NA
PstI.TP700800,11,4849,NA,NA,NA,NA
PstI.TP1000323,7,57848687,NA,NA,NA,NA
PstI.TP1081008,2,71118803,NA,NA,NA,NA
PstI.TP282598,10,55748349,NA,NA,NA,NA
PstI.TP1227132,3,8500895,NA,NA,NA,NA
PstI.TP957163,9,44644697,NA,NA,NA,NA
PstI.TP494387,1,70689700,NA,NA,NA,NA
PstI.TP920636,1,4777048,NA,NA,NA,NA
PstI.TP834485,1,62936010,NA,NA,NA,NA
PstI.TP438135,4,14593222,NA,NA,NA,NA
PstI.TP994295,1,15000089,NA,NA,NA,NA
PstI.TP623813,10,10751887,NA,NA,NA,NA
PstI.TP663882,7,57555118,NA,NA,NA,NA
PstI.TP814593,7,58562479,NA,NA,NA,NA
PstI.TP516914,6,54724469,NA,NA,NA,NA
PstI.TP814682,10,53107040,NA,NA,NA,NA
NsiI.TP153175,11,10826,NA,NA,NA,NA
PstI.TP306856,1,75848833,NA,NA,NA,NA
PstI.TP927867,11,6492,NA,NA,NA,NA
PstI.TP720229,11,4975,NA,NA,NA,NA
PstI.TP122157,1,50223254,NA,NA,NA,NA
PstI.TP361822,2,1673606,NA,NA,NA,NA
PstI.TP790135,9,57345247,NA,NA,NA,NA
PstI.TP138118,2,65682237,NA,NA,NA,NA
PstI.TP1027273,3,4274869,NA,NA,NA,NA
PstI.TP234053,11,1921,NA,NA,NA,NA
PstI.TP335808,10,45938674,NA,NA,NA,NA
PstI.TP710312,3,61493650,NA,NA,NA,NA
PstI.TP385344,2,46664405,NA,NA,NA,NA
PstI.TP948464,2,70792950,NA,NA,NA,NA
PstI.TP77625,9,53718156,NA,NA,NA,NA
PstI.TP271772,7,57259256,NA,NA,NA,NA
NsiI.TP394538,3,62312606,NA,NA,NA,NA
NsiI.TP507777,4,67027562,NA,NA,NA,NA
PstI.TP569629,6,51517308,NA,NA,NA,NA
PstI.TP944343,8,51918904,NA,NA,NA,NA
PstI.TP921956,4,61812706,NA,NA,NA,NA
PstI.TP354591,1,1050082,NA,NA,NA,NA
PstI.TP825325,11,5705,NA,NA,NA,NA
PstI.TP350443,10,53018412,NA,NA,NA,NA
PstI.TP265377,9,56178766,NA,NA,NA,NA
PstI.TP1199192,1,17514476,NA,NA,NA,NA
PstI.TP197681,7,2110172,NA,NA,NA,NA
PstI.TP875252,6,59755110,NA,NA,NA,NA
PstI.TP233282,3,73735479,NA,NA,NA,NA
NsiI.TP28119,11,9435,NA,NA,NA,NA
PstI.TP1193997,11,8448,NA,NA,NA,NA
PstI.TP71898,8,55904365,NA,NA,NA,NA
NsiI.TP608142,11,16637,NA,NA,NA,NA
PstI.TP543908,7,1085483,NA,NA,NA,NA
PstI.TP460053,3,12467100,NA,NA,NA,NA
PstI.TP1251568,11,8808,NA,NA,NA,NA
PstI.TP864305,1,77077806,NA,NA,NA,NA
PstI.TP843092,5,14746414,NA,NA,NA,NA
PstI.TP113896,6,40079998,NA,NA,NA,NA
PstI.TP1244481,2,75457518,NA,NA,NA,NA
PstI.TP209693,1,3305106,NA,NA,NA,NA
PstI.TP747067,3,4707934,NA,NA,NA,NA
PstI.TP1032405,1,62899325,NA,NA,NA,NA
PstI.TP387329,9,55961556,NA,NA,NA,NA
PstI.TP971832,4,66161848,NA,NA,NA,NA
PstI.TP98675,4,57524900,NA,NA,NA,NA
PstI.TP133948,4,3870704,NA,NA,NA,NA
PstI.TP187548,10,53478010,NA,NA,NA,NA
PstI.TP921767,11,6444,NA,NA,NA,NA
PstI.TP763524,8,54655315,NA,NA,NA,NA
PstI.TP76191,2,58722393,NA,NA,NA,NA
NsiI.TP51483,11,9741,NA,NA,NA,NA
PstI.TP1262851,4,67370507,NA,NA,NA,NA
NsiI.TP39896,11,9611,NA,NA,NA,NA
PstI.TP47278,3,61828317,NA,NA,NA,NA
PstI.TP339221,6,59779202,NA,NA,NA,NA
PstI.TP1224154,11,8626,NA,NA,NA,NA
PstI.TP863565,3,60804522,NA,NA,NA,NA
PstI.TP275384,10,6327741,NA,NA,NA,NA
PstI.TP121274,6,46658492,NA,NA,NA,NA
PstI.TP1116298,6,57959042,NA,NA,NA,NA
PstI.TP476886,2,55394288,NA,NA,NA,NA
PstI.TP653588,2,73909840,NA,NA,NA,NA
PstI.TP1085601,1,2820903,NA,NA,NA,NA
PstI.TP1264040,3,25831,NA,NA,NA,NA
PstI.TP1152021,1,865447,NA,NA,NA,NA
PstI.TP1060579,7,28563180,NA,NA,NA,NA
PstI.TP626124,1,3342723,NA,NA,NA,NA
NsiI.TP588396,2,65356142,NA,NA,NA,NA
PstI.TP694382,3,66532430,NA,NA,NA,NA
PstI.TP1270439,3,15756535,NA,NA,NA,NA
PstI.TP787129,9,50019163,NA,NA,NA,NA
PstI.TP7735,4,10191482,NA,NA,NA,NA
PstI.TP395597,3,54899385,NA,NA,NA,NA
PstI.TP353803,1,78947488,NA,NA,NA,NA
PstI.TP44125,7,55681656,NA,NA,NA,NA
PstI.TP244587,11,1996,NA,NA,NA,NA
PstI.TP857720,4,67675201,NA,NA,NA,NA
PstI.TP319342,5,71584607,NA,NA,NA,NA
PstI.TP529090,11,3947,NA,NA,NA,NA
PstI.TP846064,10,19421525,NA,NA,NA,NA
PstI.TP21552,1,26847368,NA,NA,NA,NA
PstI.TP1032632,1,74402757,NA,NA,NA,NA
PstI.TP90991,9,51173645,NA,NA,NA,NA
PstI.TP404112,4,61296221,NA,NA,NA,NA
PstI.TP488184,1,70532632,NA,NA,NA,NA
NsiI.TP274184,4,1065229,NA,NA,NA,NA
PstI.TP1189247,10,57554144,NA,NA,NA,NA
NsiI.TP336547,6,58396661,NA,NA,NA,NA
PstI.TP1116491,11,7831,NA,NA,NA,NA
PstI.TP781859,4,66322904,NA,NA,NA,NA
PstI.TP343293,10,19939931,NA,NA,NA,NA
PstI.TP572285,1,6947477,NA,NA,NA,NA
PstI.TP525202,1,2884119,NA,NA,NA,NA
PstI.TP718531,3,10722354,NA,NA,NA,NA
PstI.TP798504,8,58863921,NA,NA,NA,NA
PstI.TP597894,3,12103125,NA,NA,NA,NA
NsiI.TP751924,2,67349192,NA,NA,NA,NA
PstI.TP820370,1,68065605,NA,NA,NA,NA
PstI.TP1123778,2,61958273,NA,NA,NA,NA
PstI.TP394955,11,3081,NA,NA,NA,NA
PstI.TP1172225,6,3890042,NA,NA,NA,NA
PstI.TP581839,11,4176,NA,NA,NA,NA
PstI.TP690744,2,58500961,NA,NA,NA,NA
NsiI.TP7588,2,74438360,NA,NA,NA,NA
PstI.TP683701,10,10614565,NA,NA,NA,NA
PstI.TP724037,10,1796215,NA,NA,NA,NA
PstI.TP835300,1,78565589,NA,NA,NA,NA
PstI.TP824845,6,53159275,NA,NA,NA,NA
PstI.TP781181,4,64170054,NA,NA,NA,NA
PstI.TP804730,10,56184709,NA,NA,NA,NA
PstI.TP390327,11,3046,NA,NA,NA,NA
PstI.TP982615,2,63682812,NA,NA,NA,NA
PstI.TP339315,1,63808218,NA,NA,NA,NA
PstI.TP639503,1,78579633,NA,NA,NA,NA
PstI.TP475426,6,51284047,NA,NA,NA,NA
PstI.TP643059,11,4521,NA,NA,NA,NA
PstI.TP618427,1,68135205,NA,NA,NA,NA
PstI.TP1084761,1,66720416,NA,NA,NA,NA
PstI.TP652161,11,4599,NA,NA,NA,NA
PstI.TP744556,1,76101544,NA,NA,NA,NA
PstI.TP729343,11,5026,NA,NA,NA,NA
PstI.TP1008128,9,54742077,NA,NA,NA,NA
PstI.TP1285666,2,64593899,NA,NA,NA,NA
PstI.TP272889,7,63795481,NA,NA,NA,NA
PstI.TP855227,6,49887106,NA,NA,NA,NA
PstI.TP927956,3,304752,NA,NA,NA,NA
PstI.TP1062801,2,66168895,NA,NA,NA,NA
PstI.TP1144174,11,8014,NA,NA,NA,NA
PstI.TP289449,11,2300,NA,NA,NA,NA
PstI.TP128515,4,57065304,NA,NA,NA,NA
PstI.TP869093,1,11187262,NA,NA,NA,NA
PstI.TP887121,10,55720067,NA,NA,NA,NA
PstI.TP930201,7,30412154,NA,NA,NA,NA
PstI.TP936135,11,6549,NA,NA,NA,NA
PstI.TP954118,11,6658,NA,NA,NA,NA
PstI.TP165585,11,1359,NA,NA,NA,NA
PstI.TP354335,3,50899095,NA,NA,NA,NA
PstI.TP963117,4,3856619,NA,NA,NA,NA
PstI.TP111007,1,76814269,NA,NA,NA,NA
NsiI.TP260915,11,12050,NA,NA,NA,NA
PstI.TP97518,1,17476051,NA,NA,NA,NA
PstI.TP1268195,6,52307532,NA,NA,NA,NA
PstI.TP69372,11,576,NA,NA,NA,NA
PstI.TP1096280,3,1833730,NA,NA,NA,NA
PstI.TP1123350,9,49499779,NA,NA,NA,NA
PstI.TP837802,1,78565577,NA,NA,NA,NA
PstI.TP31645,10,58342331,NA,NA,NA,NA
PstI.TP1043816,4,10208138,NA,NA,NA,NA
NsiI.TP343501,6,50674685,NA,NA,NA,NA
NsiI.TP264370,10,54257349,NA,NA,NA,NA
PstI.TP1144768,1,78240904,NA,NA,NA,NA
PstI.TP346744,3,52014149,NA,NA,NA,NA
PstI.TP609012,6,57199915,NA,NA,NA,NA
PstI.TP522635,11,3904,NA,NA,NA,NA
PstI.TP381443,11,2988,NA,NA,NA,NA
PstI.TP1184179,3,25531,NA,NA,NA,NA
PstI.TP124082,2,73100016,NA,NA,NA,NA
PstI.TP935926,6,55352294,NA,NA,NA,NA
PstI.TP1161045,2,61497818,NA,NA,NA,NA
PstI.TP4803,1,78818384,NA,NA,NA,NA
PstI.TP988157,6,48368305,NA,NA,NA,NA
PstI.TP1009308,8,55801809,NA,NA,NA,NA
PstI.TP1244443,1,3397749,NA,NA,NA,NA
NsiI.TP304335,6,61272905,NA,NA,NA,NA
NsiI.TP549004,2,62333756,NA,NA,NA,NA
PstI.TP775752,10,41350986,NA,NA,NA,NA
PstI.TP24110,4,52990968,NA,NA,NA,NA
PstI.TP379973,11,2974,NA,NA,NA,NA
PstI.TP687364,11,4750,NA,NA,NA,NA
PstI.TP954037,7,61167285,NA,NA,NA,NA
PstI.TP820558,3,8412197,NA,NA,NA,NA
PstI.TP703027,11,4874,NA,NA,NA,NA
NsiI.TP634824,7,55643367,NA,NA,NA,NA
PstI.TP1241719,6,57149401,NA,NA,NA,NA
NsiI.TP402781,11,13547,NA,NA,NA,NA
PstI.TP1168534,7,5203859,NA,NA,NA,NA
PstI.TP261556,7,2620886,NA,NA,NA,NA
PstI.TP790783,11,5472,NA,NA,NA,NA
PstI.TP632828,2,64238905,NA,NA,NA,NA
PstI.TP619468,11,4343,NA,NA,NA,NA
PstI.TP388798,4,34703211,NA,NA,NA,NA
PstI.TP1280405,11,9027,NA,NA,NA,NA
PstI.TP302093,1,8923298,NA,NA,NA,NA
PstI.TP403217,1,63867116,NA,NA,NA,NA
PstI.TP1056322,11,7354,NA,NA,NA,NA
NsiI.TP499370,4,52358612,NA,NA,NA,NA
PstI.TP364873,11,2882,NA,NA,NA,NA
NsiI.TP193365,6,50405862,NA,NA,NA,NA
PstI.TP797415,11,5520,NA,NA,NA,NA
PstI.TP188432,6,45727130,NA,NA,NA,NA
PstI.TP864763,3,1256958,NA,NA,NA,NA
PstI.TP359861,6,42016593,NA,NA,NA,NA
PstI.TP982120,2,21428233,NA,NA,NA,NA
PstI.TP918944,11,6423,NA,NA,NA,NA
PstI.TP107665,4,68430765,NA,NA,NA,NA
NsiI.TP18199,3,61934242,NA,NA,NA,NA
PstI.TP698749,5,6782266,NA,NA,NA,NA
PstI.TP464884,11,3541,NA,NA,NA,NA
PstI.TP424159,1,63417435,NA,NA,NA,NA
PstI.TP1172215,11,8242,NA,NA,NA,NA
PstI.TP870640,2,62558309,NA,NA,NA,NA
PstI.TP420801,1,62946889,NA,NA,NA,NA
PstI.TP770506,3,68857417,NA,NA,NA,NA
PstI.TP1181052,2,62344184,NA,NA,NA,NA
PstI.TP421127,4,57085377,NA,NA,NA,NA
PstI.TP447641,10,6043610,NA,NA,NA,NA
NsiI.TP700374,1,68176238,NA,NA,NA,NA
PstI.TP931336,4,65707584,NA,NA,NA,NA
PstI.TP925971,2,67121384,NA,NA,NA,NA
PstI.TP493468,2,4347785,NA,NA,NA,NA
PstI.TP703574,4,5441522,NA,NA,NA,NA
PstI.TP848458,11,5880,NA,NA,NA,NA
PstI.TP118367,11,977,NA,NA,NA,NA
PstI.TP180781,3,54937150,NA,NA,NA,NA
NsiI.TP224257,3,67274437,NA,NA,NA,NA
PstI.TP451020,2,58599188,NA,NA,NA,NA
PstI.TP807231,4,59272271,NA,NA,NA,NA
PstI.TP756240,11,5223,NA,NA,NA,NA
PstI.TP1001875,1,9929490,NA,NA,NA,NA
NsiI.TP269540,1,24901828,NA,NA,NA,NA
PstI.TP1150194,1,16733554,NA,NA,NA,NA
PstI.TP807456,11,5596,NA,NA,NA,NA
PstI.TP1243215,7,26362268,NA,NA,NA,NA
PstI.TP447781,9,12669967,NA,NA,NA,NA
PstI.TP1165391,2,69968329,NA,NA,NA,NA
PstI.TP888368,3,63337334,NA,NA,NA,NA
PstI.TP258589,3,59776102,NA,NA,NA,NA
PstI.TP963456,11,6700,NA,NA,NA,NA
PstI.TP775725,1,1175417,NA,NA,NA,NA
NsiI.TP383667,7,419094,NA,NA,NA,NA
PstI.TP160013,6,1913467,NA,NA,NA,NA
PstI.TP547023,2,75564773,NA,NA,NA,NA
PstI.TP110030,1,60421130,NA,NA,NA,NA
PstI.TP1029730,4,59112616,NA,NA,NA,NA
PstI.TP448143,9,6230587,NA,NA,NA,NA
PstI.TP1017493,9,52843173,NA,NA,NA,NA
PstI.TP974726,1,9504539,NA,NA,NA,NA
NsiI.TP774307,3,3883631,NA,NA,NA,NA
PstI.TP580690,7,58775427,NA,NA,NA,NA
NsiI.TP130499,6,60880934,NA,NA,NA,NA
NsiI.TP213158,2,67720379,NA,NA,NA,NA
PstI.TP777906,6,59229689,NA,NA,NA,NA
PstI.TP335891,4,42916499,NA,NA,NA,NA
PstI.TP530646,11,3961,NA,NA,NA,NA
PstI.TP874561,11,6100,NA,NA,NA,NA
PstI.TP541399,9,58259418,NA,NA,NA,NA
PstI.TP1148558,2,62049812,NA,NA,NA,NA
PstI.TP269318,10,56276045,NA,NA,NA,NA
PstI.TP544270,8,58554756,NA,NA,NA,NA
PstI.TP541874,2,55037354,NA,NA,NA,NA
PstI.TP338365,11,2666,NA,NA,NA,NA
PstI.TP847961,8,53109574,NA,NA,NA,NA
PstI.TP311967,1,17610629,NA,NA,NA,NA
PstI.TP870602,9,49267255,NA,NA,NA,NA
PstI.TP195819,7,56569496,NA,NA,NA,NA
PstI.TP1255073,1,56318472,NA,NA,NA,NA
PstI.TP171713,4,6902976,NA,NA,NA,NA
PstI.TP864793,10,15183846,NA,NA,NA,NA
PstI.TP678255,1,67745947,NA,NA,NA,NA
PstI.TP401147,11,3119,NA,NA,NA,NA
PstI.TP529734,2,65604246,NA,NA,NA,NA
PstI.TP1007712,1,56295361,NA,NA,NA,NA
PstI.TP27497,8,4736106,NA,NA,NA,NA
PstI.TP695119,6,52429938,NA,NA,NA,NA
NsiI.TP575618,7,3778581,NA,NA,NA,NA
NsiI.TP59381,6,54443739,NA,NA,NA,NA
PstI.TP1275363,11,8983,NA,NA,NA,NA
PstI.TP197948,2,18537474,NA,NA,NA,NA
NsiI.TP766057,7,61710211,NA,NA,NA,NA
PstI.TP15637,11,124,NA,NA,NA,NA
NsiI.TP439808,3,13233852,NA,NA,NA,NA
PstI.TP396492,4,59554328,NA,NA,NA,NA
PstI.TP140856,4,4704020,NA,NA,NA,NA
PstI.TP815977,8,47698137,NA,NA,NA,NA
PstI.TP586874,1,71729101,NA,NA,NA,NA
PstI.TP930028,11,6509,NA,NA,NA,NA
PstI.TP1022538,10,9427594,NA,NA,NA,NA
PstI.TP137972,6,49743515,NA,NA,NA,NA
PstI.TP464711,10,50362823,NA,NA,NA,NA
PstI.TP1141410,7,64617396,NA,NA,NA,NA
PstI.TP1269599,4,68592536,NA,NA,NA,NA
PstI.TP1189383,4,60173881,NA,NA,NA,NA
PstI.TP208551,11,1702,NA,NA,NA,NA
PstI.TP355877,11,2809,NA,NA,NA,NA
NsiI.TP221891,11,11610,NA,NA,NA,NA
NsiI.TP213627,3,2064923,NA,NA,NA,NA
PstI.TP833589,1,64801253,NA,NA,NA,NA
PstI.TP544549,6,2226986,NA,NA,NA,NA
PstI.TP847369,7,8209705,NA,NA,NA,NA
PstI.TP797783,3,57068036,NA,NA,NA,NA
PstI.TP605734,4,16501301,NA,NA,NA,NA
PstI.TP372461,5,69064710,NA,NA,NA,NA
NsiI.TP66730,11,9922,NA,NA,NA,NA
PstI.TP1031498,1,74431906,NA,NA,NA,NA
PstI.TP771928,11,5326,NA,NA,NA,NA
PstI.TP826904,1,71509086,NA,NA,NA,NA
PstI.TP673057,3,68094426,NA,NA,NA,NA
PstI.TP1195541,6,43320392,NA,NA,NA,NA
PstI.TP813929,6,48009958,NA,NA,NA,NA
PstI.TP745827,1,9270379,NA,NA,NA,NA
PstI.TP776110,6,55103901,NA,NA,NA,NA
PstI.TP516632,11,3891,NA,NA,NA,NA
PstI.TP1230769,11,8675,NA,NA,NA,NA
PstI.TP530722,11,3964,NA,NA,NA,NA
PstI.TP854571,11,5946,NA,NA,NA,NA
PstI.TP684655,1,5379329,NA,NA,NA,NA
PstI.TP98115,9,51912899,NA,NA,NA,NA
PstI.TP606496,3,62018965,NA,NA,NA,NA
NsiI.TP424080,8,62210912,NA,NA,NA,NA
NsiI.TP201900,7,59739247,NA,NA,NA,NA
PstI.TP609001,3,50049992,NA,NA,NA,NA
PstI.TP1046209,1,71112715,NA,NA,NA,NA
PstI.TP401102,1,12714512,NA,NA,NA,NA
PstI.TP933689,4,68479830,NA,NA,NA,NA
PstI.TP35356,11,291,NA,NA,NA,NA
PstI.TP412441,9,54289082,NA,NA,NA,NA
PstI.TP351473,3,62816493,NA,NA,NA,NA
NsiI.TP352570,1,20251715,NA,NA,NA,NA
PstI.TP671248,2,72313766,NA,NA,NA,NA
PstI.TP1133587,10,42973263,NA,NA,NA,NA
NsiI.TP521254,5,58096704,NA,NA,NA,NA
PstI.TP64046,2,58295714,NA,NA,NA,NA
PstI.TP1205408,1,70741243,NA,NA,NA,NA
PstI.TP463088,11,3529,NA,NA,NA,NA
PstI.TP445858,1,57330069,NA,NA,NA,NA
PstI.TP743400,4,63406186,NA,NA,NA,NA
PstI.TP622702,1,63849924,NA,NA,NA,NA
PstI.TP379031,3,68701578,NA,NA,NA,NA
PstI.TP158752,8,60936949,NA,NA,NA,NA
PstI.TP141051,3,54726050,NA,NA,NA,NA
PstI.TP263277,3,64477115,NA,NA,NA,NA
PstI.TP156491,8,62158572,NA,NA,NA,NA
PstI.TP175766,7,62320486,NA,NA,NA,NA
PstI.TP282657,10,58159508,NA,NA,NA,NA
PstI.TP425439,2,73607787,NA,NA,NA,NA
NsiI.TP113422,10,43190461,NA,NA,NA,NA
PstI.TP576587,6,49188679,NA,NA,NA,NA
PstI.TP856970,1,78963659,NA,NA,NA,NA
PstI.TP670845,3,68951426,NA,NA,NA,NA
PstI.TP299726,9,2970040,NA,NA,NA,NA
PstI.TP624271,9,53221888,NA,NA,NA,NA
NsiI.TP615700,8,5240241,NA,NA,NA,NA
NsiI.TP323678,11,12681,NA,NA,NA,NA
PstI.TP17994,3,60977256,NA,NA,NA,NA
PstI.TP1181821,9,51786135,NA,NA,NA,NA
PstI.TP726225,6,58406812,NA,NA,NA,NA
PstI.TP949988,6,50576836,NA,NA,NA,NA
PstI.TP217370,7,7697522,NA,NA,NA,NA
PstI.TP357677,1,76102511,NA,NA,NA,NA
PstI.TP89261,11,751,NA,NA,NA,NA
NsiI.TP806896,1,78145059,NA,NA,NA,NA
PstI.TP928995,11,6499,NA,NA,NA,NA
PstI.TP671157,3,67539833,NA,NA,NA,NA
PstI.TP150005,3,58784404,NA,NA,NA,NA
PstI.TP901714,6,3915493,NA,NA,NA,NA
PstI.TP1263449,2,1474965,NA,NA,NA,NA
PstI.TP1129801,1,6608649,NA,NA,NA,NA
PstI.TP783561,11,5407,NA,NA,NA,NA
PstI.TP317631,1,69806063,NA,NA,NA,NA
PstI.TP446471,10,19412076,NA,NA,NA,NA
PstI.TP938200,2,54569410,NA,NA,NA,NA
PstI.TP338015,2,77540960,NA,NA,NA,NA
PstI.TP120247,9,6373532,NA,NA,NA,NA
NsiI.TP443225,11,14351,NA,NA,NA,NA
PstI.TP318338,3,67023794,NA,NA,NA,NA
PstI.TP1189297,1,50142670,NA,NA,NA,NA
PstI.TP991622,3,61247052,NA,NA,NA,NA
PstI.TP920988,8,59203441,NA,NA,NA,NA
PstI.TP682257,10,50183864,NA,NA,NA,NA
PstI.TP862620,9,56791733,NA,NA,NA,NA
PstI.TP1147160,7,44396170,NA,NA,NA,NA
PstI.TP37494,1,15597809,NA,NA,NA,NA
PstI.TP450478,3,63412067,NA,NA,NA,NA
PstI.TP1290291,11,9091,NA,NA,NA,NA
PstI.TP997573,11,6931,NA,NA,NA,NA
PstI.TP523465,2,75496167,NA,NA,NA,NA
PstI.TP1167685,4,7967341,NA,NA,NA,NA
PstI.TP420029,3,64967488,NA,NA,NA,NA
NsiI.TP58678,11,9821,NA,NA,NA,NA
PstI.TP13077,6,48336818,NA,NA,NA,NA
PstI.TP395407,2,57933769,NA,NA,NA,NA
NsiI.TP519945,7,63563357,NA,NA,NA,NA
NsiI.TP540352,11,15795,NA,NA,NA,NA
PstI.TP59482,3,72881051,NA,NA,NA,NA
PstI.TP1259220,1,71924579,NA,NA,NA,NA
PstI.TP505880,2,56476216,NA,NA,NA,NA
PstI.TP705967,1,5858828,NA,NA,NA,NA
NsiI.TP741991,2,65962511,NA,NA,NA,NA
PstI.TP755963,11,5221,NA,NA,NA,NA
PstI.TP982467,3,55023479,NA,NA,NA,NA
PstI.TP1227785,4,692003,NA,NA,NA,NA
PstI.TP759501,3,57715018,NA,NA,NA,NA
PstI.TP306310,1,58165810,NA,NA,NA,NA
PstI.TP88913,6,50606419,NA,NA,NA,NA
NsiI.TP700456,3,56313888,NA,NA,NA,NA
PstI.TP988008,4,53910327,NA,NA,NA,NA
PstI.TP1115006,4,2397430,NA,NA,NA,NA
NsiI.TP588659,4,60147038,NA,NA,NA,NA
PstI.TP68223,7,59248949,NA,NA,NA,NA
PstI.TP28660,9,1970845,NA,NA,NA,NA
PstI.TP1029819,5,10196113,NA,NA,NA,NA
PstI.TP967803,3,73321934,NA,NA,NA,NA
PstI.TP931840,6,60969038,NA,NA,NA,NA
PstI.TP221027,10,8848286,NA,NA,NA,NA
PstI.TP9799,11,72,NA,NA,NA,NA
PstI.TP220192,7,42063325,NA,NA,NA,NA
PstI.TP299690,1,69193739,NA,NA,NA,NA
NsiI.TP648509,10,41353679,NA,NA,NA,NA
NsiI.TP316618,11,12598,NA,NA,NA,NA
NsiI.TP173071,4,64391873,NA,NA,NA,NA
PstI.TP1126882,1,5115206,NA,NA,NA,NA
PstI.TP891127,6,55263071,NA,NA,NA,NA
PstI.TP952321,1,77832524,NA,NA,NA,NA
PstI.TP394783,11,3078,NA,NA,NA,NA
PstI.TP1038828,9,59381929,NA,NA,NA,NA
PstI.TP662534,3,16373499,NA,NA,NA,NA
PstI.TP805017,6,44960916,NA,NA,NA,NA
PstI.TP197187,3,17294454,NA,NA,NA,NA
PstI.TP891020,1,4033768,NA,NA,NA,NA
NsiI.TP763660,1,66404152,NA,NA,NA,NA
PstI.TP1106845,1,416796,NA,NA,NA,NA
PstI.TP1050186,2,1911820,NA,NA,NA,NA
PstI.TP340970,9,49975829,NA,NA,NA,NA
PstI.TP1150061,1,72347889,NA,NA,NA,NA
PstI.TP927424,1,73127829,NA,NA,NA,NA
NsiI.TP453296,1,15160906,NA,NA,NA,NA
PstI.TP984199,11,6827,NA,NA,NA,NA
PstI.TP738055,7,61683923,NA,NA,NA,NA
PstI.TP942427,10,56551535,NA,NA,NA,NA
PstI.TP196680,11,1602,NA,NA,NA,NA
PstI.TP1137706,9,58368202,NA,NA,NA,NA
PstI.TP454344,11,3482,NA,NA,NA,NA
PstI.TP647611,4,59195320,NA,NA,NA,NA
PstI.TP434991,9,46360203,NA,NA,NA,NA
PstI.TP179275,9,52171543,NA,NA,NA,NA
PstI.TP532345,9,38275195,NA,NA,NA,NA
PstI.TP934142,4,194652,NA,NA,NA,NA
PstI.TP975092,1,59040624,NA,NA,NA,NA
PstI.TP289185,9,57455890,NA,NA,NA,NA
PstI.TP256025,6,39923562,NA,NA,NA,NA
PstI.TP773670,2,58845474,NA,NA,NA,NA
NsiI.TP465791,1,74820948,NA,NA,NA,NA
PstI.TP74852,9,55541743,NA,NA,NA,NA
PstI.TP727464,11,5016,NA,NA,NA,NA
PstI.TP198890,1,21626192,NA,NA,NA,NA
NsiI.TP126131,9,3184582,NA,NA,NA,NA
PstI.TP212330,3,61992139,NA,NA,NA,NA
PstI.TP722093,9,3026606,NA,NA,NA,NA
PstI.TP688753,9,1861171,NA,NA,NA,NA
PstI.TP759675,10,59672253,NA,NA,NA,NA
PstI.TP674426,2,67595892,NA,NA,NA,NA
PstI.TP456141,1,9284445,NA,NA,NA,NA
PstI.TP995236,3,63809440,NA,NA,NA,NA
PstI.TP489028,3,70489937,NA,NA,NA,NA
PstI.TP342418,7,56234517,NA,NA,NA,NA
PstI.TP1215732,2,57449553,NA,NA,NA,NA
NsiI.TP801135,4,63162,NA,NA,NA,NA
PstI.TP921414,2,7249958,NA,NA,NA,NA
PstI.TP401430,10,261208,NA,NA,NA,NA
PstI.TP1179516,2,57731330,NA,NA,NA,NA
PstI.TP1057943,11,7366,NA,NA,NA,NA
NsiI.TP423891,10,51417287,NA,NA,NA,NA
PstI.TP488889,1,10576905,NA,NA,NA,NA
PstI.TP30555,6,58396527,NA,NA,NA,NA
PstI.TP1176205,3,68891880,NA,NA,NA,NA
PstI.TP1134201,9,49341921,NA,NA,NA,NA
PstI.TP835882,7,58925507,NA,NA,NA,NA
PstI.TP802084,10,555823,NA,NA,NA,NA
NsiI.TP459012,1,67058618,NA,NA,NA,NA
PstI.TP338917,3,70919217,NA,NA,NA,NA
PstI.TP81008,11,677,NA,NA,NA,NA
PstI.TP817132,11,5654,NA,NA,NA,NA
PstI.TP606936,9,41549576,NA,NA,NA,NA
PstI.TP98839,1,25165051,NA,NA,NA,NA
NsiI.TP712037,1,67933970,NA,NA,NA,NA
PstI.TP217593,3,66787516,NA,NA,NA,NA
PstI.TP955356,3,67880743,NA,NA,NA,NA
PstI.TP844534,4,10905321,NA,NA,NA,NA
PstI.TP857726,4,55633086,NA,NA,NA,NA
PstI.TP402235,2,70727485,NA,NA,NA,NA
NsiI.TP739117,9,59004735,NA,NA,NA,NA
PstI.TP841498,5,69228848,NA,NA,NA,NA
NsiI.TP500617,6,55386702,NA,NA,NA,NA
PstI.TP876478,11,6115,NA,NA,NA,NA
PstI.TP628792,11,4413,NA,NA,NA,NA
PstI.TP91211,1,10530796,NA,NA,NA,NA
PstI.TP1013004,7,23934216,NA,NA,NA,NA
PstI.TP198015,3,67910785,NA,NA,NA,NA
PstI.TP323026,1,10477035,NA,NA,NA,NA
PstI.TP988947,2,76243149,NA,NA,NA,NA
NsiI.TP503513,11,15291,NA,NA,NA,NA
PstI.TP689286,2,73563234,NA,NA,NA,NA
PstI.TP572234,4,57174114,NA,NA,NA,NA
NsiI.TP678570,11,17474,NA,NA,NA,NA
PstI.TP867146,11,6048,NA,NA,NA,NA
PstI.TP99687,10,5558897,NA,NA,NA,NA
PstI.TP551509,2,27803104,NA,NA,NA,NA
PstI.TP1022383,2,63575726,NA,NA,NA,NA
NsiI.TP338725,7,57292523,NA,NA,NA,NA
PstI.TP989805,1,80637129,NA,NA,NA,NA
NsiI.TP29266,11,9449,NA,NA,NA,NA
PstI.TP179797,1,74986512,NA,NA,NA,NA
PstI.TP57846,4,4201581,NA,NA,NA,NA
PstI.TP249109,9,47522889,NA,NA,NA,NA
PstI.TP937129,3,67175086,NA,NA,NA,NA
PstI.TP714411,6,51076791,NA,NA,NA,NA
PstI.TP32081,10,516124,NA,NA,NA,NA
PstI.TP268085,2,64265265,NA,NA,NA,NA
PstI.TP153239,11,1266,NA,NA,NA,NA
PstI.TP7632,10,57163611,NA,NA,NA,NA
PstI.TP373489,4,12025790,NA,NA,NA,NA
PstI.TP1227790,9,48696731,NA,NA,NA,NA
PstI.TP573905,2,65757565,NA,NA,NA,NA
PstI.TP794138,11,5493,NA,NA,NA,NA
PstI.TP1090503,9,54050222,NA,NA,NA,NA
PstI.TP1191815,4,62207485,NA,NA,NA,NA
NsiI.TP146220,1,13426299,NA,NA,NA,NA
PstI.TP1179994,9,52362266,NA,NA,NA,NA
PstI.TP548769,11,4062,NA,NA,NA,NA
PstI.TP775845,1,13537099,NA,NA,NA,NA
NsiI.TP38533,2,41373269,NA,NA,NA,NA
PstI.TP1018329,4,61899900,NA,NA,NA,NA
PstI.TP963405,3,67810374,NA,NA,NA,NA
PstI.TP292268,5,3450082,NA,NA,NA,NA
PstI.TP531549,10,5158579,NA,NA,NA,NA
PstI.TP461080,3,29174937,NA,NA,NA,NA
PstI.TP1102206,11,7711,NA,NA,NA,NA
PstI.TP48643,11,411,NA,NA,NA,NA
PstI.TP745907,2,50691405,NA,NA,NA,NA
PstI.TP935978,4,62874103,NA,NA,NA,NA
PstI.TP31817,11,252,NA,NA,NA,NA
PstI.TP653230,3,4507877,NA,NA,NA,NA
PstI.TP790103,1,70752961,NA,NA,NA,NA
PstI.TP969397,6,60888114,NA,NA,NA,NA
PstI.TP123922,11,1028,NA,NA,NA,NA
PstI.TP80571,4,56807073,NA,NA,NA,NA
NsiI.TP203885,2,66511978,NA,NA,NA,NA
PstI.TP988781,8,62628857,NA,NA,NA,NA
PstI.TP1009563,10,56175139,NA,NA,NA,NA
NsiI.TP444747,4,58371791,NA,NA,NA,NA
PstI.TP1275567,7,4355483,NA,NA,NA,NA
NsiI.TP260534,3,65628707,NA,NA,NA,NA
PstI.TP841981,11,5827,NA,NA,NA,NA
PstI.TP712552,7,1086282,NA,NA,NA,NA
PstI.TP735032,3,9654444,NA,NA,NA,NA
PstI.TP1185472,6,45032097,NA,NA,NA,NA
PstI.TP936449,11,6553,NA,NA,NA,NA
PstI.TP178843,10,51681279,NA,NA,NA,NA
PstI.TP475994,11,3613,NA,NA,NA,NA
NsiI.TP304101,1,22335385,NA,NA,NA,NA
PstI.TP1138376,1,51888724,NA,NA,NA,NA
NsiI.TP397133,11,13501,NA,NA,NA,NA
NsiI.TP36278,10,56255147,NA,NA,NA,NA
PstI.TP1000572,4,59072057,NA,NA,NA,NA
PstI.TP617554,7,3245920,NA,NA,NA,NA
PstI.TP402429,1,4990016,NA,NA,NA,NA
PstI.TP49184,11,415,NA,NA,NA,NA
PstI.TP1166626,7,5373971,NA,NA,NA,NA
PstI.TP891455,6,51677486,NA,NA,NA,NA
PstI.TP83740,4,66329319,NA,NA,NA,NA
PstI.TP262611,11,2127,NA,NA,NA,NA
PstI.TP249057,1,73523293,NA,NA,NA,NA
NsiI.TP282949,9,3514826,NA,NA,NA,NA
NsiI.TP39895,11,9610,NA,NA,NA,NA
PstI.TP13101,10,5083417,NA,NA,NA,NA
PstI.TP39204,7,8302668,NA,NA,NA,NA
PstI.TP455545,1,75986610,NA,NA,NA,NA
PstI.TP982126,9,58344631,NA,NA,NA,NA
PstI.TP280696,11,2260,NA,NA,NA,NA
PstI.TP483021,11,3661,NA,NA,NA,NA
PstI.TP1112563,8,6325389,NA,NA,NA,NA
PstI.TP640416,11,4495,NA,NA,NA,NA
PstI.TP897101,11,6253,NA,NA,NA,NA
PstI.TP543247,4,5947998,NA,NA,NA,NA
PstI.TP885267,1,2084430,NA,NA,NA,NA
PstI.TP1020853,1,66882875,NA,NA,NA,NA
PstI.TP706555,5,53845438,NA,NA,NA,NA
PstI.TP1030217,3,1141809,NA,NA,NA,NA
PstI.TP708344,1,57964831,NA,NA,NA,NA
PstI.TP98333,5,16130526,NA,NA,NA,NA
PstI.TP1225179,6,56654494,NA,NA,NA,NA
PstI.TP523962,11,3914,NA,NA,NA,NA
PstI.TP343474,10,2711603,NA,NA,NA,NA
PstI.TP1168659,10,8853686,NA,NA,NA,NA
PstI.TP97264,9,1289669,NA,NA,NA,NA
PstI.TP195741,3,67699319,NA,NA,NA,NA
NsiI.TP131057,10,2772083,NA,NA,NA,NA
PstI.TP1023443,2,4929930,NA,NA,NA,NA
PstI.TP605612,5,64299274,NA,NA,NA,NA
PstI.TP415065,3,55917740,NA,NA,NA,NA
PstI.TP314655,3,72791842,NA,NA,NA,NA
PstI.TP1223116,2,55714459,NA,NA,NA,NA
PstI.TP286131,3,4213473,NA,NA,NA,NA
PstI.TP1235985,1,62443684,NA,NA,NA,NA
PstI.TP966432,1,2596832,NA,NA,NA,NA
PstI.TP849286,3,10316458,NA,NA,NA,NA
PstI.TP995394,9,50625938,NA,NA,NA,NA
NsiI.TP801925,11,18952,NA,NA,NA,NA
PstI.TP871221,6,51418361,NA,NA,NA,NA
PstI.TP1010078,3,67023433,NA,NA,NA,NA
PstI.TP4963,3,65245788,NA,NA,NA,NA
PstI.TP1027663,11,7144,NA,NA,NA,NA
PstI.TP16576,6,51508909,NA,NA,NA,NA
PstI.TP813144,4,9651032,NA,NA,NA,NA
NsiI.TP507997,11,15372,NA,NA,NA,NA
PstI.TP283944,4,58233546,NA,NA,NA,NA
PstI.TP1157052,9,56882603,NA,NA,NA,NA
PstI.TP1164337,4,7965976,NA,NA,NA,NA
PstI.TP995173,2,70172526,NA,NA,NA,NA
PstI.TP1206334,3,61963148,NA,NA,NA,NA
PstI.TP810363,3,8828897,NA,NA,NA,NA
PstI.TP949022,11,6628,NA,NA,NA,NA
PstI.TP843002,11,5836,NA,NA,NA,NA
NsiI.TP390395,7,5462820,NA,NA,NA,NA
PstI.TP82280,11,688,NA,NA,NA,NA
NsiI.TP827851,4,12330408,NA,NA,NA,NA
PstI.TP794569,2,3715278,NA,NA,NA,NA
PstI.TP714065,4,62405622,NA,NA,NA,NA
PstI.TP1215769,6,60047342,NA,NA,NA,NA
PstI.TP1243055,1,3389055,NA,NA,NA,NA
PstI.TP106962,6,57047383,NA,NA,NA,NA
PstI.TP1093731,2,67823974,NA,NA,NA,NA
PstI.TP933806,8,53107674,NA,NA,NA,NA
PstI.TP619305,1,79505879,NA,NA,NA,NA
NsiI.TP363057,11,13135,NA,NA,NA,NA
NsiI.TP555329,3,67453921,NA,NA,NA,NA
PstI.TP204888,11,1673,NA,NA,NA,NA
PstI.TP458650,3,63973238,NA,NA,NA,NA
PstI.TP884163,3,60121398,NA,NA,NA,NA
PstI.TP1260916,1,71157310,NA,NA,NA,NA
PstI.TP1171031,3,58321376,NA,NA,NA,NA
PstI.TP13346,1,74849030,NA,NA,NA,NA
PstI.TP649005,5,24767427,NA,NA,NA,NA
PstI.TP1157245,11,8123,NA,NA,NA,NA
PstI.TP25993,11,202,NA,NA,NA,NA
NsiI.TP422411,3,70832262,NA,NA,NA,NA
PstI.TP31701,2,71261586,NA,NA,NA,NA
PstI.TP1201445,11,8486,NA,NA,NA,NA
PstI.TP180949,1,70527436,NA,NA,NA,NA
PstI.TP1248832,3,65713285,NA,NA,NA,NA
PstI.TP367511,3,70822259,NA,NA,NA,NA
PstI.TP487778,3,1541283,NA,NA,NA,NA
PstI.TP545135,3,66972327,NA,NA,NA,NA
PstI.TP247650,4,67343889,NA,NA,NA,NA
PstI.TP428256,1,63323451,NA,NA,NA,NA
PstI.TP522438,10,49677682,NA,NA,NA,NA
PstI.TP923354,5,13005905,NA,NA,NA,NA
PstI.TP1259171,1,79892318,NA,NA,NA,NA
PstI.TP221413,11,1816,NA,NA,NA,NA
PstI.TP168334,1,78240700,NA,NA,NA,NA
PstI.TP315072,8,3139123,NA,NA,NA,NA
PstI.TP1239144,1,20685889,NA,NA,NA,NA
NsiI.TP688992,4,66776482,NA,NA,NA,NA
PstI.TP1256117,3,11017293,NA,NA,NA,NA
PstI.TP377002,6,61062556,NA,NA,NA,NA
PstI.TP226392,6,47819825,NA,NA,NA,NA
PstI.TP1020623,11,7079,NA,NA,NA,NA
PstI.TP860893,2,70230959,NA,NA,NA,NA
PstI.TP68667,7,5024644,NA,NA,NA,NA
PstI.TP550408,9,3176103,NA,NA,NA,NA
PstI.TP213377,3,62690207,NA,NA,NA,NA
PstI.TP568763,10,55874415,NA,NA,NA,NA
PstI.TP308255,10,53225710,NA,NA,NA,NA
PstI.TP866942,4,5761973,NA,NA,NA,NA
PstI.TP1180967,11,8324,NA,NA,NA,NA
PstI.TP54669,11,453,NA,NA,NA,NA
PstI.TP49251,8,52811353,NA,NA,NA,NA
PstI.TP1193013,6,60825902,NA,NA,NA,NA
PstI.TP91271,11,770,NA,NA,NA,NA
PstI.TP221302,11,1815,NA,NA,NA,NA
PstI.TP262546,4,1523295,NA,NA,NA,NA
PstI.TP51816,4,64961913,NA,NA,NA,NA
PstI.TP751721,9,50513395,NA,NA,NA,NA
PstI.TP1055459,3,58609425,NA,NA,NA,NA
PstI.TP1163628,11,8179,NA,NA,NA,NA
PstI.TP480160,6,51153057,NA,NA,NA,NA
PstI.TP460897,2,2074034,NA,NA,NA,NA
PstI.TP663427,1,70529598,NA,NA,NA,NA
PstI.TP844985,2,58637331,NA,NA,NA,NA
PstI.TP670190,7,63604320,NA,NA,NA,NA
PstI.TP521787,2,70479993,NA,NA,NA,NA
NsiI.TP452078,11,14486,NA,NA,NA,NA
NsiI.TP429732,11,14030,NA,NA,NA,NA
PstI.TP145834,7,4944531,NA,NA,NA,NA
NsiI.TP457948,4,10479967,NA,NA,NA,NA
PstI.TP1052445,9,53720191,NA,NA,NA,NA
PstI.TP513006,1,73971974,NA,NA,NA,NA
PstI.TP842611,11,5834,NA,NA,NA,NA
PstI.TP10997,6,57974142,NA,NA,NA,NA
PstI.TP265447,10,6324176,NA,NA,NA,NA
PstI.TP419523,3,15768751,NA,NA,NA,NA
PstI.TP429801,10,8035175,NA,NA,NA,NA
PstI.TP671700,3,15764634,NA,NA,NA,NA
PstI.TP544748,1,73791429,NA,NA,NA,NA
PstI.TP96766,1,78742126,NA,NA,NA,NA
PstI.TP1053336,1,3955998,NA,NA,NA,NA
PstI.TP36138,11,300,NA,NA,NA,NA
PstI.TP856277,7,60248536,NA,NA,NA,NA
PstI.TP8762,3,66427331,NA,NA,NA,NA
PstI.TP98480,11,808,NA,NA,NA,NA
PstI.TP507933,11,3837,NA,NA,NA,NA
PstI.TP143719,6,59895028,NA,NA,NA,NA
PstI.TP863870,3,61525095,NA,NA,NA,NA
PstI.TP39747,11,327,NA,NA,NA,NA
PstI.TP434977,1,79165905,NA,NA,NA,NA
PstI.TP1272828,10,59027538,NA,NA,NA,NA
PstI.TP540206,3,66293725,NA,NA,NA,NA
PstI.TP492152,11,3736,NA,NA,NA,NA
PstI.TP642933,6,57096182,NA,NA,NA,NA
PstI.TP33762,3,2698512,NA,NA,NA,NA
PstI.TP613604,11,4323,NA,NA,NA,NA
PstI.TP321647,4,53852701,NA,NA,NA,NA
NsiI.TP367819,11,13197,NA,NA,NA,NA
PstI.TP879786,11,6143,NA,NA,NA,NA
PstI.TP580104,2,5389101,NA,NA,NA,NA
PstI.TP706856,1,74539608,NA,NA,NA,NA
PstI.TP288798,3,69828015,NA,NA,NA,NA
NsiI.TP576062,11,16278,NA,NA,NA,NA
PstI.TP814688,2,72959515,NA,NA,NA,NA
NsiI.TP482724,3,2931654,NA,NA,NA,NA
PstI.TP1128710,11,7924,NA,NA,NA,NA
NsiI.TP751198,11,18320,NA,NA,NA,NA
PstI.TP212672,2,65281161,NA,NA,NA,NA
PstI.TP426523,11,3290,NA,NA,NA,NA
PstI.TP697701,4,60476700,NA,NA,NA,NA
PstI.TP448761,1,73324734,NA,NA,NA,NA
PstI.TP246975,3,19673688,NA,NA,NA,NA
PstI.TP1259253,4,9921203,NA,NA,NA,NA
PstI.TP478908,2,14478233,NA,NA,NA,NA
PstI.TP271997,7,1839611,NA,NA,NA,NA
PstI.TP374085,2,9617733,NA,NA,NA,NA
PstI.TP1027083,4,64254345,NA,NA,NA,NA
PstI.TP702632,6,57893518,NA,NA,NA,NA
PstI.TP665587,1,70753604,NA,NA,NA,NA
PstI.TP969702,4,58874917,NA,NA,NA,NA
PstI.TP1171121,1,67376990,NA,NA,NA,NA
PstI.TP363146,6,59896427,NA,NA,NA,NA
PstI.TP525810,11,3923,NA,NA,NA,NA
PstI.TP146435,9,1542296,NA,NA,NA,NA
PstI.TP1199069,4,57736484,NA,NA,NA,NA
PstI.TP1168372,1,72238288,NA,NA,NA,NA
PstI.TP1004443,3,66051537,NA,NA,NA,NA
NsiI.TP452950,4,59507302,NA,NA,NA,NA
PstI.TP40244,11,333,NA,NA,NA,NA
PstI.TP454285,2,63153549,NA,NA,NA,NA
PstI.TP1193653,11,8441,NA,NA,NA,NA
PstI.TP1248247,3,62346879,NA,NA,NA,NA
PstI.TP993788,8,60518710,NA,NA,NA,NA
PstI.TP682608,9,4453195,NA,NA,NA,NA
PstI.TP220394,11,1803,NA,NA,NA,NA
NsiI.TP276241,1,79202469,NA,NA,NA,NA
PstI.TP588109,1,78200524,NA,NA,NA,NA
PstI.TP410616,11,3179,NA,NA,NA,NA
PstI.TP1184713,9,8036705,NA,NA,NA,NA
NsiI.TP750593,4,61084375,NA,NA,NA,NA
PstI.TP724829,3,67406291,NA,NA,NA,NA
PstI.TP1277536,2,23996480,NA,NA,NA,NA
PstI.TP739746,11,5106,NA,NA,NA,NA
PstI.TP168491,11,1382,NA,NA,NA,NA
PstI.TP254032,11,2066,NA,NA,NA,NA
PstI.TP313639,4,51533595,NA,NA,NA,NA
NsiI.TP535064,11,15752,NA,NA,NA,NA
PstI.TP387372,2,18542714,NA,NA,NA,NA
PstI.TP460796,4,60714463,NA,NA,NA,NA
PstI.TP516137,10,8551151,NA,NA,NA,NA
PstI.TP945872,7,60295761,NA,NA,NA,NA
NsiI.TP667943,2,74406586,NA,NA,NA,NA
PstI.TP133743,4,55575218,NA,NA,NA,NA
NsiI.TP742717,11,18226,NA,NA,NA,NA
PstI.TP698941,11,4832,NA,NA,NA,NA
NsiI.TP17682,6,43602171,NA,NA,NA,NA
PstI.TP543090,1,25480362,NA,NA,NA,NA
PstI.TP156810,4,2774722,NA,NA,NA,NA
PstI.TP961085,1,3705536,NA,NA,NA,NA
PstI.TP861288,3,62118748,NA,NA,NA,NA
PstI.TP1014598,10,12353077,NA,NA,NA,NA
PstI.TP102149,11,838,NA,NA,NA,NA
PstI.TP460627,1,59468543,NA,NA,NA,NA
PstI.TP606465,1,75416261,NA,NA,NA,NA
PstI.TP1004455,3,1576742,NA,NA,NA,NA
PstI.TP14467,10,3103147,NA,NA,NA,NA
PstI.TP765640,4,48027712,NA,NA,NA,NA
NsiI.TP457548,1,76928921,NA,NA,NA,NA
PstI.TP577735,2,9251583,NA,NA,NA,NA
PstI.TP2006,8,3930378,NA,NA,NA,NA
PstI.TP681191,6,51040947,NA,NA,NA,NA
PstI.TP43928,3,57930256,NA,NA,NA,NA
NsiI.TP216880,9,57840413,NA,NA,NA,NA
PstI.TP938963,9,39755480,NA,NA,NA,NA
PstI.TP382139,4,11514958,NA,NA,NA,NA
PstI.TP547839,3,4042596,NA,NA,NA,NA
PstI.TP398580,3,6360865,NA,NA,NA,NA
PstI.TP1066372,6,58439886,NA,NA,NA,NA
PstI.TP879675,6,26700655,NA,NA,NA,NA
PstI.TP841428,1,6731433,NA,NA,NA,NA
PstI.TP998975,6,45505565,NA,NA,NA,NA
NsiI.TP511059,7,61487480,NA,NA,NA,NA
PstI.TP625512,4,7338212,NA,NA,NA,NA
PstI.TP878500,11,6129,NA,NA,NA,NA
PstI.TP119386,5,372761,NA,NA,NA,NA
PstI.TP623632,8,15930657,NA,NA,NA,NA
PstI.TP153019,1,62238600,NA,NA,NA,NA
PstI.TP510424,10,7091437,NA,NA,NA,NA
NsiI.TP442700,8,62545114,NA,NA,NA,NA
PstI.TP720344,6,53705499,NA,NA,NA,NA
PstI.TP799973,3,72401926,NA,NA,NA,NA
NsiI.TP624872,4,60455775,NA,NA,NA,NA
PstI.TP433171,3,10952394,NA,NA,NA,NA
PstI.TP772377,3,69256488,NA,NA,NA,NA
PstI.TP86008,2,57163563,NA,NA,NA,NA
PstI.TP201295,9,47612492,NA,NA,NA,NA
NsiI.TP208425,2,68199092,NA,NA,NA,NA
PstI.TP526907,6,52143728,NA,NA,NA,NA
PstI.TP272941,6,53317238,NA,NA,NA,NA
PstI.TP1246681,1,61289286,NA,NA,NA,NA
PstI.TP725380,7,56007421,NA,NA,NA,NA
PstI.TP451905,1,7339832,NA,NA,NA,NA
PstI.TP286748,1,49731278,NA,NA,NA,NA
PstI.TP356415,3,15356034,NA,NA,NA,NA
NsiI.TP694486,2,56476853,NA,NA,NA,NA
PstI.TP30748,2,61112102,NA,NA,NA,NA
NsiI.TP521432,7,63757970,NA,NA,NA,NA
NsiI.TP260145,9,55098373,NA,NA,NA,NA
PstI.TP714651,5,2641756,NA,NA,NA,NA
NsiI.TP83928,6,48792860,NA,NA,NA,NA
PstI.TP120061,8,17255694,NA,NA,NA,NA
PstI.TP845769,4,2010929,NA,NA,NA,NA
PstI.TP1198735,11,8470,NA,NA,NA,NA
NsiI.TP379046,9,58431629,NA,NA,NA,NA
PstI.TP343842,2,69334049,NA,NA,NA,NA
PstI.TP815699,2,20860666,NA,NA,NA,NA
PstI.TP169712,10,6068006,NA,NA,NA,NA
PstI.TP1148487,4,48397503,NA,NA,NA,NA
PstI.TP695158,2,55008713,NA,NA,NA,NA
PstI.TP1120883,11,7870,NA,NA,NA,NA
PstI.TP994751,10,60309696,NA,NA,NA,NA
PstI.TP143220,11,1205,NA,NA,NA,NA
PstI.TP287023,4,61471174,NA,NA,NA,NA
PstI.TP898747,11,6265,NA,NA,NA,NA
PstI.TP847989,11,5877,NA,NA,NA,NA
PstI.TP283576,7,9134542,NA,NA,NA,NA
PstI.TP509122,2,62099032,NA,NA,NA,NA
PstI.TP884696,11,6181,NA,NA,NA,NA
PstI.TP142395,1,71238859,NA,NA,NA,NA
PstI.TP940999,3,66708999,NA,NA,NA,NA
PstI.TP1257324,3,65916131,NA,NA,NA,NA
PstI.TP308412,3,12715828,NA,NA,NA,NA
PstI.TP756650,3,61832560,NA,NA,NA,NA
PstI.TP630858,6,47185090,NA,NA,NA,NA
PstI.TP163348,6,44550868,NA,NA,NA,NA
PstI.TP162777,11,1341,NA,NA,NA,NA
PstI.TP345529,6,60263361,NA,NA,NA,NA
PstI.TP360715,10,58959795,NA,NA,NA,NA
PstI.TP65398,9,54033986,NA,NA,NA,NA
PstI.TP411298,1,77771698,NA,NA,NA,NA
PstI.TP702574,6,57893505,NA,NA,NA,NA
PstI.TP998613,4,57808215,NA,NA,NA,NA
PstI.TP904714,9,1730741,NA,NA,NA,NA
PstI.TP686087,11,4741,NA,NA,NA,NA
PstI.TP579734,11,4164,NA,NA,NA,NA
PstI.TP411848,11,3188,NA,NA,NA,NA
PstI.TP473065,1,14979768,NA,NA,NA,NA
PstI.TP370682,11,2914,NA,NA,NA,NA
PstI.TP229147,2,3390758,NA,NA,NA,NA
PstI.TP2084,1,68344425,NA,NA,NA,NA
PstI.TP80826,2,10542416,NA,NA,NA,NA
PstI.TP141279,11,12718,NA,NA,NA,NA
NsiI.TP60459,4,59680771,NA,NA,NA,NA
PstI.TP1023385,6,43243324,NA,NA,NA,NA
PstI.TP837664,1,73498170,NA,NA,NA,NA
PstI.TP702779,7,56779453,NA,NA,NA,NA
PstI.TP972577,4,64049091,NA,NA,NA,NA
PstI.TP1264166,8,52135359,NA,NA,NA,NA
PstI.TP1248173,9,54556422,NA,NA,NA,NA
NsiI.TP487741,1,69506512,NA,NA,NA,NA
NsiI.TP635032,8,3980154,NA,NA,NA,NA
PstI.TP294151,11,2335,NA,NA,NA,NA
PstI.TP570599,8,57084424,NA,NA,NA,NA
PstI.TP326062,4,62667190,NA,NA,NA,NA
PstI.TP678449,3,6895124,NA,NA,NA,NA
PstI.TP745911,2,8890642,NA,NA,NA,NA
PstI.TP145867,1,9990979,NA,NA,NA,NA
PstI.TP944548,7,8285238,NA,NA,NA,NA
PstI.TP1222662,3,63583875,NA,NA,NA,NA
NsiI.TP70796,9,54232781,NA,NA,NA,NA
PstI.TP1131100,1,75760470,NA,NA,NA,NA
PstI.TP899837,4,2894449,NA,NA,NA,NA
PstI.TP418643,11,3244,NA,NA,NA,NA
PstI.TP629786,3,68029217,NA,NA,NA,NA
PstI.TP1009864,11,7007,NA,NA,NA,NA
PstI.TP743824,4,68341653,NA,NA,NA,NA
PstI.TP1102757,3,60738907,NA,NA,NA,NA
PstI.TP299340,4,50252276,NA,NA,NA,NA
PstI.TP1203869,1,74588086,NA,NA,NA,NA
PstI.TP673266,10,7053304,NA,NA,NA,NA
PstI.TP478966,1,78077218,NA,NA,NA,NA
PstI.TP176380,9,58460036,NA,NA,NA,NA
PstI.TP403850,1,4535788,NA,NA,NA,NA
NsiI.TP428457,11,14002,NA,NA,NA,NA
PstI.TP389870,11,3038,NA,NA,NA,NA
PstI.TP1288084,1,11935767,NA,NA,NA,NA
PstI.TP726521,1,3535515,NA,NA,NA,NA
NsiI.TP333996,10,9989985,NA,NA,NA,NA
NsiI.TP367540,1,5460609,NA,NA,NA,NA
PstI.TP804275,1,5979740,NA,NA,NA,NA
PstI.TP873911,2,65476325,NA,NA,NA,NA
PstI.TP1032679,4,63918789,NA,NA,NA,NA
NsiI.TP364708,4,663022,NA,NA,NA,NA
PstI.TP369771,6,59498070,NA,NA,NA,NA
PstI.TP26215,9,583262,NA,NA,NA,NA
PstI.TP420086,1,68042057,NA,NA,NA,NA
NsiI.TP334029,6,38616479,NA,NA,NA,NA
PstI.TP1105643,4,66521669,NA,NA,NA,NA
PstI.TP265643,1,21534801,NA,NA,NA,NA
PstI.TP24650,4,62388602,NA,NA,NA,NA
PstI.TP219584,2,3429973,NA,NA,NA,NA
PstI.TP801278,6,48713165,NA,NA,NA,NA
PstI.TP815324,8,60883297,NA,NA,NA,NA
PstI.TP968019,9,2402808,NA,NA,NA,NA
PstI.TP723879,10,51006962,NA,NA,NA,NA
PstI.TP834194,6,2364305,NA,NA,NA,NA
PstI.TP315152,11,2490,NA,NA,NA,NA
PstI.TP851463,1,80479917,NA,NA,NA,NA
PstI.TP1127482,4,66065155,NA,NA,NA,NA
PstI.TP111352,3,66952529,NA,NA,NA,NA
PstI.TP984525,10,58519750,NA,NA,NA,NA
PstI.TP719095,9,1109109,NA,NA,NA,NA
PstI.TP120297,4,64404036,NA,NA,NA,NA
PstI.TP997652,1,64799296,NA,NA,NA,NA
PstI.TP712963,11,4936,NA,NA,NA,NA
PstI.TP532535,10,53161445,NA,NA,NA,NA
PstI.TP803259,1,78564283,NA,NA,NA,NA
PstI.TP258621,1,74361721,NA,NA,NA,NA
PstI.TP789962,2,75761816,NA,NA,NA,NA
NsiI.TP472039,11,14803,NA,NA,NA,NA
PstI.TP951624,2,59246898,NA,NA,NA,NA
PstI.TP65472,2,55384747,NA,NA,NA,NA
PstI.TP1152455,11,8094,NA,NA,NA,NA
PstI.TP941483,2,21521726,NA,NA,NA,NA
PstI.TP104310,11,857,NA,NA,NA,NA
PstI.TP1005929,7,40209050,NA,NA,NA,NA
PstI.TP47654,2,57514489,NA,NA,NA,NA
PstI.TP150789,2,64840814,NA,NA,NA,NA
NsiI.TP800848,3,59007084,NA,NA,NA,NA
PstI.TP891531,10,6298803,NA,NA,NA,NA
PstI.TP588767,10,43265382,NA,NA,NA,NA
PstI.TP741957,2,5655578,NA,NA,NA,NA
PstI.TP1204456,10,59574064,NA,NA,NA,NA
NsiI.TP39399,1,4465777,NA,NA,NA,NA
PstI.TP1247989,11,8785,NA,NA,NA,NA
PstI.TP139507,11,1154,NA,NA,NA,NA
NsiI.TP634014,11,17006,NA,NA,NA,NA
PstI.TP587504,7,63222407,NA,NA,NA,NA
PstI.TP283526,1,71936668,NA,NA,NA,NA
PstI.TP858902,4,66143706,NA,NA,NA,NA
NsiI.TP708852,11,17859,NA,NA,NA,NA
PstI.TP134958,9,47976468,NA,NA,NA,NA
PstI.TP1116131,9,50580835,NA,NA,NA,NA
PstI.TP70600,9,46098921,NA,NA,NA,NA
PstI.TP747280,5,12790396,NA,NA,NA,NA
PstI.TP1245357,1,6748280,NA,NA,NA,NA
PstI.TP747907,11,5165,NA,NA,NA,NA
PstI.TP752015,10,6283799,NA,NA,NA,NA
PstI.TP1242757,11,8753,NA,NA,NA,NA
NsiI.TP592929,5,64413792,NA,NA,NA,NA
NsiI.TP449894,11,14447,NA,NA,NA,NA
PstI.TP602900,11,4269,NA,NA,NA,NA
PstI.TP858165,6,48555209,NA,NA,NA,NA
PstI.TP140364,9,57283110,NA,NA,NA,NA
PstI.TP277532,7,58749000,NA,NA,NA,NA
PstI.TP179992,3,65808212,NA,NA,NA,NA
PstI.TP1155086,9,50004653,NA,NA,NA,NA
PstI.TP980214,1,10687788,NA,NA,NA,NA
PstI.TP568504,4,65671693,NA,NA,NA,NA
PstI.TP324481,3,51536521,NA,NA,NA,NA
PstI.TP91738,2,75325372,NA,NA,NA,NA
PstI.TP352561,3,55923085,NA,NA,NA,NA
PstI.TP46032,11,392,NA,NA,NA,NA
PstI.TP187778,4,55772813,NA,NA,NA,NA
PstI.TP474225,2,71358734,NA,NA,NA,NA
PstI.TP202284,10,56175041,NA,NA,NA,NA
PstI.TP15780,9,56211895,NA,NA,NA,NA
PstI.TP1054397,9,42375267,NA,NA,NA,NA
PstI.TP328277,11,2601,NA,NA,NA,NA
PstI.TP622318,7,63611772,NA,NA,NA,NA
PstI.TP1165736,1,57192298,NA,NA,NA,NA
PstI.TP875104,3,1447825,NA,NA,NA,NA
PstI.TP338409,6,59229037,NA,NA,NA,NA
PstI.TP146062,11,1230,NA,NA,NA,NA
PstI.TP759023,6,46253378,NA,NA,NA,NA
PstI.TP1012704,11,7027,NA,NA,NA,NA
PstI.TP798247,10,4317874,NA,NA,NA,NA
PstI.TP868305,3,57307103,NA,NA,NA,NA
PstI.TP1195390,1,78927004,NA,NA,NA,NA
PstI.TP342373,1,69789077,NA,NA,NA,NA
PstI.TP1266869,6,48545495,NA,NA,NA,NA
PstI.TP148033,4,68054990,NA,NA,NA,NA
PstI.TP1194392,6,57534861,NA,NA,NA,NA
PstI.TP669233,7,65085026,NA,NA,NA,NA
PstI.TP27310,11,209,NA,NA,NA,NA
PstI.TP1040438,3,58373947,NA,NA,NA,NA
PstI.TP576556,8,61385245,NA,NA,NA,NA
PstI.TP142755,11,1196,NA,NA,NA,NA
PstI.TP375331,11,2937,NA,NA,NA,NA
PstI.TP353784,1,18167193,NA,NA,NA,NA
PstI.TP928184,9,58431631,NA,NA,NA,NA
PstI.TP1159632,10,56290471,NA,NA,NA,NA
PstI.TP1220431,6,57879530,NA,NA,NA,NA
NsiI.TP507205,11,15353,NA,NA,NA,NA
PstI.TP614291,10,58224972,NA,NA,NA,NA
PstI.TP496795,5,1513135,NA,NA,NA,NA
PstI.TP778331,9,50006602,NA,NA,NA,NA
PstI.TP1294018,1,2280325,NA,NA,NA,NA
PstI.TP653791,11,4607,NA,NA,NA,NA
PstI.TP1275124,11,8980,NA,NA,NA,NA
PstI.TP1292760,3,66753576,NA,NA,NA,NA
PstI.TP965825,3,63530528,NA,NA,NA,NA
PstI.TP953640,7,59672491,NA,NA,NA,NA
PstI.TP1151255,1,77213117,NA,NA,NA,NA
PstI.TP227133,2,71118714,NA,NA,NA,NA
PstI.TP1193608,11,8440,NA,NA,NA,NA
PstI.TP413401,3,12299683,NA,NA,NA,NA
PstI.TP868524,11,6061,NA,NA,NA,NA
PstI.TP793079,3,52368295,NA,NA,NA,NA
PstI.TP1022791,6,56560248,NA,NA,NA,NA
PstI.TP248887,11,2021,NA,NA,NA,NA
PstI.TP144413,11,1220,NA,NA,NA,NA
PstI.TP835676,4,8640214,NA,NA,NA,NA
PstI.TP854771,1,75863530,NA,NA,NA,NA
PstI.TP317453,6,55573202,NA,NA,NA,NA
PstI.TP1287230,7,7558451,NA,NA,NA,NA
PstI.TP642761,11,4516,NA,NA,NA,NA
PstI.TP877509,11,6123,NA,NA,NA,NA
PstI.TP596173,6,60494225,NA,NA,NA,NA
PstI.TP290738,7,59825579,NA,NA,NA,NA
PstI.TP213720,3,5231540,NA,NA,NA,NA
PstI.TP951441,3,53917406,NA,NA,NA,NA
PstI.TP7177,7,19883599,NA,NA,NA,NA
PstI.TP335710,9,55077385,NA,NA,NA,NA
PstI.TP550115,3,54367520,NA,NA,NA,NA
PstI.TP402269,2,27615402,NA,NA,NA,NA
PstI.TP364380,1,27181483,NA,NA,NA,NA
PstI.TP226867,4,60106689,NA,NA,NA,NA
PstI.TP699168,8,2542291,NA,NA,NA,NA
PstI.TP53152,6,56671658,NA,NA,NA,NA
PstI.TP474390,7,15569290,NA,NA,NA,NA
NsiI.TP441693,3,2660294,NA,NA,NA,NA
PstI.TP183270,4,51849104,NA,NA,NA,NA
PstI.TP725292,3,4449847,NA,NA,NA,NA
PstI.TP1079268,4,62919464,NA,NA,NA,NA
NsiI.TP495411,11,15163,NA,NA,NA,NA
PstI.TP831969,4,52358433,NA,NA,NA,NA
PstI.TP120638,4,35323656,NA,NA,NA,NA
NsiI.TP472754,4,5966031,NA,NA,NA,NA
NsiI.TP482264,1,66520178,NA,NA,NA,NA
PstI.TP166160,10,18059383,NA,NA,NA,NA
NsiI.TP488601,1,6409370,NA,NA,NA,NA
PstI.TP44348,2,61688094,NA,NA,NA,NA
PstI.TP780019,10,4475781,NA,NA,NA,NA
PstI.TP1025950,2,63727163,NA,NA,NA,NA
NsiI.TP321288,11,12651,NA,NA,NA,NA
PstI.TP925435,3,59813964,NA,NA,NA,NA
PstI.TP1157898,3,1576323,NA,NA,NA,NA
PstI.TP930653,9,56906789,NA,NA,NA,NA
PstI.TP651715,10,58956886,NA,NA,NA,NA
NsiI.TP375743,9,54606833,NA,NA,NA,NA
NsiI.TP268751,3,56723684,NA,NA,NA,NA
PstI.TP1243819,6,2081638,NA,NA,NA,NA
PstI.TP1040911,9,57488127,NA,NA,NA,NA
NsiI.TP733536,3,17102485,NA,NA,NA,NA
PstI.TP100648,10,7512918,NA,NA,NA,NA
NsiI.TP51047,2,13453548,NA,NA,NA,NA
PstI.TP859276,11,5985,NA,NA,NA,NA
PstI.TP387467,6,55340504,NA,NA,NA,NA
PstI.TP907404,1,18035898,NA,NA,NA,NA
PstI.TP1226997,3,69008840,NA,NA,NA,NA
PstI.TP151981,10,54680742,NA,NA,NA,NA
NsiI.TP621335,11,16810,NA,NA,NA,NA
PstI.TP123530,10,7243969,NA,NA,NA,NA
NsiI.TP668633,3,72087795,NA,NA,NA,NA
PstI.TP331302,6,54347113,NA,NA,NA,NA
PstI.TP893748,2,71384719,NA,NA,NA,NA
PstI.TP386967,11,3022,NA,NA,NA,NA
PstI.TP1044741,10,47877662,NA,NA,NA,NA
PstI.TP65397,3,7162104,NA,NA,NA,NA
PstI.TP352738,6,56528676,NA,NA,NA,NA
PstI.TP103806,11,849,NA,NA,NA,NA
PstI.TP1238248,4,64784268,NA,NA,NA,NA
PstI.TP132021,11,1110,NA,NA,NA,NA
PstI.TP272031,8,4185086,NA,NA,NA,NA
PstI.TP1132484,10,57883541,NA,NA,NA,NA
PstI.TP1217033,2,63330699,NA,NA,NA,NA
PstI.TP100146,4,15152517,NA,NA,NA,NA
NsiI.TP381737,3,69008243,NA,NA,NA,NA
PstI.TP197677,1,65249144,NA,NA,NA,NA
PstI.TP624488,11,4383,NA,NA,NA,NA
PstI.TP69498,1,66230707,NA,NA,NA,NA
PstI.TP1181279,10,61156077,NA,NA,NA,NA
PstI.TP314454,11,2487,NA,NA,NA,NA
PstI.TP342466,2,4686314,NA,NA,NA,NA
PstI.TP326785,7,57293650,NA,NA,NA,NA
PstI.TP521327,4,54492451,NA,NA,NA,NA
PstI.TP946951,7,61799723,NA,NA,NA,NA
PstI.TP1196344,11,8461,NA,NA,NA,NA
PstI.TP435100,6,52788813,NA,NA,NA,NA
PstI.TP239022,8,58605820,NA,NA,NA,NA
PstI.TP550208,2,65391016,NA,NA,NA,NA
NsiI.TP635574,5,10846526,NA,NA,NA,NA
PstI.TP256040,11,2087,NA,NA,NA,NA
PstI.TP1170241,10,51421895,NA,NA,NA,NA
PstI.TP429798,11,3313,NA,NA,NA,NA
NsiI.TP348632,7,56779391,NA,NA,NA,NA
PstI.TP852425,4,53801587,NA,NA,NA,NA
NsiI.TP308443,11,12504,NA,NA,NA,NA
PstI.TP454165,7,1503587,NA,NA,NA,NA
PstI.TP1052207,11,7304,NA,NA,NA,NA
PstI.TP842278,6,59205393,NA,NA,NA,NA
PstI.TP294664,1,78489046,NA,NA,NA,NA
PstI.TP387625,4,9914701,NA,NA,NA,NA
PstI.TP692281,2,56248202,NA,NA,NA,NA
PstI.TP876849,3,66050191,NA,NA,NA,NA
PstI.TP51516,10,8861492,NA,NA,NA,NA
PstI.TP459121,1,78162835,NA,NA,NA,NA
PstI.TP22473,8,5375523,NA,NA,NA,NA
PstI.TP740525,10,57651326,NA,NA,NA,NA
PstI.TP1113615,11,7799,NA,NA,NA,NA
PstI.TP1178670,4,54185,NA,NA,NA,NA
PstI.TP470432,4,52709206,NA,NA,NA,NA
PstI.TP966260,1,65795867,NA,NA,NA,NA
PstI.TP997136,9,54968532,NA,NA,NA,NA
PstI.TP838393,7,4341737,NA,NA,NA,NA
PstI.TP396204,11,3088,NA,NA,NA,NA
PstI.TP310118,11,2455,NA,NA,NA,NA
PstI.TP875573,3,60804814,NA,NA,NA,NA
PstI.TP607895,1,58398018,NA,NA,NA,NA
NsiI.TP19909,1,69328566,NA,NA,NA,NA
PstI.TP244901,11,1997,NA,NA,NA,NA
PstI.TP269152,3,390266,NA,NA,NA,NA
PstI.TP740583,11,5112,NA,NA,NA,NA
PstI.TP852297,1,72235992,NA,NA,NA,NA
PstI.TP771256,10,59597858,NA,NA,NA,NA
PstI.TP32939,1,76748752,NA,NA,NA,NA
PstI.TP237442,3,60602220,NA,NA,NA,NA
PstI.TP858716,3,66525528,NA,NA,NA,NA
NsiI.TP426468,11,13949,NA,NA,NA,NA
PstI.TP46198,1,66096584,NA,NA,NA,NA
PstI.TP670870,11,4670,NA,NA,NA,NA
PstI.TP116169,4,62823977,NA,NA,NA,NA
PstI.TP581769,1,9144035,NA,NA,NA,NA
PstI.TP697322,2,55713623,NA,NA,NA,NA
PstI.TP1256498,2,75977176,NA,NA,NA,NA
PstI.TP651659,6,56962308,NA,NA,NA,NA
PstI.TP55623,1,72147488,NA,NA,NA,NA
PstI.TP27579,7,4882106,NA,NA,NA,NA
PstI.TP135750,8,2838380,NA,NA,NA,NA
PstI.TP508638,6,60618174,NA,NA,NA,NA
PstI.TP1071605,11,7472,NA,NA,NA,NA
NsiI.TP97466,9,37982249,NA,NA,NA,NA
PstI.TP1172386,11,8246,NA,NA,NA,NA
PstI.TP777254,11,5366,NA,NA,NA,NA
PstI.TP288176,11,2290,NA,NA,NA,NA
NsiI.TP557457,3,57953815,NA,NA,NA,NA
NsiI.TP179278,2,61874011,NA,NA,NA,NA
PstI.TP216465,11,1763,NA,NA,NA,NA
NsiI.TP161913,9,58496317,NA,NA,NA,NA
PstI.TP1230172,3,50775530,NA,NA,NA,NA
NsiI.TP415930,10,20420558,NA,NA,NA,NA
PstI.TP1137764,1,7486769,NA,NA,NA,NA
PstI.TP483070,10,10615158,NA,NA,NA,NA
PstI.TP292777,7,64227793,NA,NA,NA,NA
PstI.TP1027534,10,53709062,NA,NA,NA,NA
PstI.TP413714,11,3202,NA,NA,NA,NA
PstI.TP921276,1,70382591,NA,NA,NA,NA
PstI.TP297282,2,5214604,NA,NA,NA,NA
PstI.TP154327,3,6603820,NA,NA,NA,NA
PstI.TP189469,4,665915,NA,NA,NA,NA
PstI.TP685814,8,51520152,NA,NA,NA,NA
PstI.TP636093,11,4470,NA,NA,NA,NA
PstI.TP603772,3,3389590,NA,NA,NA,NA
PstI.TP1086412,2,16857975,NA,NA,NA,NA
PstI.TP577286,1,68698894,NA,NA,NA,NA
PstI.TP1178906,2,60492006,NA,NA,NA,NA
NsiI.TP445017,9,55901846,NA,NA,NA,NA
PstI.TP1008253,2,61356637,NA,NA,NA,NA
PstI.TP65744,2,60726974,NA,NA,NA,NA
PstI.TP1045835,11,7256,NA,NA,NA,NA
PstI.TP1076746,7,1802206,NA,NA,NA,NA
PstI.TP256850,6,49643828,NA,NA,NA,NA
PstI.TP1251965,10,52576042,NA,NA,NA,NA
NsiI.TP144859,7,59278722,NA,NA,NA,NA
PstI.TP55980,11,467,NA,NA,NA,NA
PstI.TP585747,7,57701465,NA,NA,NA,NA
PstI.TP683199,10,56630287,NA,NA,NA,NA
PstI.TP1177553,4,67453726,NA,NA,NA,NA
NsiI.TP690675,11,17634,NA,NA,NA,NA
PstI.TP203977,8,2031282,NA,NA,NA,NA
PstI.TP44472,3,66531786,NA,NA,NA,NA
PstI.TP458499,1,19100550,NA,NA,NA,NA
PstI.TP913069,7,37614334,NA,NA,NA,NA
PstI.TP1106149,1,10181736,NA,NA,NA,NA
PstI.TP884447,1,69119836,NA,NA,NA,NA
PstI.TP791364,11,5478,NA,NA,NA,NA
PstI.TP235160,11,1931,NA,NA,NA,NA
NsiI.TP69764,11,9953,NA,NA,NA,NA
PstI.TP1209906,4,67965163,NA,NA,NA,NA
PstI.TP319520,8,62331057,NA,NA,NA,NA
PstI.TP930877,3,74253026,NA,NA,NA,NA
PstI.TP989059,4,54451954,NA,NA,NA,NA
PstI.TP192722,7,59027066,NA,NA,NA,NA
PstI.TP1176340,10,60292206,NA,NA,NA,NA
PstI.TP654201,4,64705707,NA,NA,NA,NA
PstI.TP1108598,7,62058332,NA,NA,NA,NA
PstI.TP532131,11,3976,NA,NA,NA,NA
PstI.TP39347,5,2639610,NA,NA,NA,NA
PstI.TP158908,11,1303,NA,NA,NA,NA
PstI.TP584707,11,4196,NA,NA,NA,NA
NsiI.TP615807,6,27281645,NA,NA,NA,NA
PstI.TP762772,3,6044042,NA,NA,NA,NA
PstI.TP339945,11,2686,NA,NA,NA,NA
NsiI.TP565172,3,944664,NA,NA,NA,NA
PstI.TP612450,3,59785572,NA,NA,NA,NA
PstI.TP839656,4,11496765,NA,NA,NA,NA
PstI.TP683573,4,51515338,NA,NA,NA,NA
NsiI.TP475064,1,66777724,NA,NA,NA,NA
PstI.TP997226,7,651806,NA,NA,NA,NA
PstI.TP36329,1,8029204,NA,NA,NA,NA
PstI.TP341298,11,2697,NA,NA,NA,NA
PstI.TP1266207,3,12109877,NA,NA,NA,NA
PstI.TP1137784,7,10078994,NA,NA,NA,NA
NsiI.TP702580,3,2998523,NA,NA,NA,NA
PstI.TP1212297,11,8542,NA,NA,NA,NA
PstI.TP680311,4,18313480,NA,NA,NA,NA
PstI.TP1118790,5,21005060,NA,NA,NA,NA
PstI.TP49052,10,56847524,NA,NA,NA,NA
PstI.TP132499,9,56107884,NA,NA,NA,NA
NsiI.TP493680,11,15118,NA,NA,NA,NA
PstI.TP55941,6,51146867,NA,NA,NA,NA
NsiI.TP418719,1,80872893,NA,NA,NA,NA
PstI.TP617376,4,63931951,NA,NA,NA,NA
PstI.TP525574,6,53705599,NA,NA,NA,NA
NsiI.TP543207,11,15826,NA,NA,NA,NA
PstI.TP125060,9,6374194,NA,NA,NA,NA
PstI.TP961842,8,59838089,NA,NA,NA,NA
PstI.TP349853,6,46386872,NA,NA,NA,NA
PstI.TP964708,6,55409617,NA,NA,NA,NA
PstI.TP836370,2,74973263,NA,NA,NA,NA
PstI.TP253222,11,2768113,NA,NA,NA,NA
NsiI.TP267317,1,63808055,NA,NA,NA,NA
PstI.TP1253448,10,49715585,NA,NA,NA,NA
PstI.TP1286414,10,12122103,NA,NA,NA,NA
PstI.TP214763,2,63534053,NA,NA,NA,NA
NsiI.TP655257,1,80728948,NA,NA,NA,NA
PstI.TP241352,6,60244644,NA,NA,NA,NA
PstI.TP673282,4,65067106,NA,NA,NA,NA
PstI.TP1036644,7,62276526,NA,NA,NA,NA
PstI.TP543309,1,77166071,NA,NA,NA,NA
PstI.TP146654,9,7350920,NA,NA,NA,NA
PstI.TP549546,10,1280519,NA,NA,NA,NA
PstI.TP987666,2,62343916,NA,NA,NA,NA
PstI.TP1134469,11,7954,NA,NA,NA,NA
NsiI.TP594174,2,1893390,NA,NA,NA,NA
PstI.TP1009816,6,42489177,NA,NA,NA,NA
PstI.TP150197,1,30650620,NA,NA,NA,NA
PstI.TP1218439,9,53101439,NA,NA,NA,NA
PstI.TP100539,11,820,NA,NA,NA,NA
NsiI.TP426590,9,2752496,NA,NA,NA,NA
PstI.TP336193,2,73663045,NA,NA,NA,NA
PstI.TP1047587,1,73170480,NA,NA,NA,NA
NsiI.TP430625,10,8144012,NA,NA,NA,NA
PstI.TP1016623,7,64210878,NA,NA,NA,NA
PstI.TP1071629,8,381311,NA,NA,NA,NA
PstI.TP788460,11,5452,NA,NA,NA,NA
NsiI.TP37450,11,9566,NA,NA,NA,NA
PstI.TP1167747,1,56262223,NA,NA,NA,NA
PstI.TP728734,7,37735277,NA,NA,NA,NA
PstI.TP52592,1,76810927,NA,NA,NA,NA
PstI.TP308387,1,12249163,NA,NA,NA,NA
PstI.TP542812,10,4048134,NA,NA,NA,NA
PstI.TP1248463,2,52122902,NA,NA,NA,NA
PstI.TP983141,1,8569458,NA,NA,NA,NA
PstI.TP420996,11,3261,NA,NA,NA,NA
PstI.TP95174,1,79947590,NA,NA,NA,NA
PstI.TP521834,4,53924496,NA,NA,NA,NA
PstI.TP157314,3,67817635,NA,NA,NA,NA
PstI.TP871336,1,69055455,NA,NA,NA,NA
PstI.TP115586,3,5715154,NA,NA,NA,NA
PstI.TP303544,6,48368263,NA,NA,NA,NA
NsiI.TP509280,1,58994548,NA,NA,NA,NA
PstI.TP443810,11,3398,NA,NA,NA,NA
PstI.TP136422,3,60253262,NA,NA,NA,NA
PstI.TP851761,6,57802693,NA,NA,NA,NA
PstI.TP847969,11,5876,NA,NA,NA,NA
NsiI.TP57495,11,9811,NA,NA,NA,NA
PstI.TP129649,11,1089,NA,NA,NA,NA
PstI.TP361031,6,48622395,NA,NA,NA,NA
PstI.TP798665,11,5530,NA,NA,NA,NA
PstI.TP241219,2,5225650,NA,NA,NA,NA
PstI.TP966300,1,78332944,NA,NA,NA,NA
PstI.TP609962,5,53907385,NA,NA,NA,NA
PstI.TP1150436,6,59888830,NA,NA,NA,NA
PstI.TP1047533,10,57105290,NA,NA,NA,NA
PstI.TP849876,1,3050119,NA,NA,NA,NA
PstI.TP721763,1,67560203,NA,NA,NA,NA
PstI.TP510832,1,18167351,NA,NA,NA,NA
PstI.TP272307,1,6679965,NA,NA,NA,NA
PstI.TP159185,11,1305,NA,NA,NA,NA
PstI.TP521219,6,56106355,NA,NA,NA,NA
PstI.TP1136227,9,52020995,NA,NA,NA,NA
PstI.TP164155,11,1353,NA,NA,NA,NA
PstI.TP1091418,6,61060394,NA,NA,NA,NA
PstI.TP311401,4,3634353,NA,NA,NA,NA
PstI.TP364124,7,60271640,NA,NA,NA,NA
PstI.TP1021466,1,68344473,NA,NA,NA,NA
PstI.TP593279,1,78992355,NA,NA,NA,NA
PstI.TP1183011,1,18308062,NA,NA,NA,NA
PstI.TP437411,4,3981971,NA,NA,NA,NA
PstI.TP871892,11,6087,NA,NA,NA,NA
PstI.TP975012,3,68051383,NA,NA,NA,NA
PstI.TP613714,2,20235279,NA,NA,NA,NA
PstI.TP897599,10,57879300,NA,NA,NA,NA
PstI.TP893646,2,69747250,NA,NA,NA,NA
PstI.TP100651,11,821,NA,NA,NA,NA
PstI.TP309283,1,56385216,NA,NA,NA,NA
PstI.TP701939,11,789248,NA,NA,NA,NA
PstI.TP802166,3,66915037,NA,NA,NA,NA
PstI.TP799542,5,1321222,NA,NA,NA,NA
PstI.TP39923,4,59505323,NA,NA,NA,NA
PstI.TP1256502,1,23777666,NA,NA,NA,NA
PstI.TP824467,6,48440964,NA,NA,NA,NA
PstI.TP43749,4,64417921,NA,NA,NA,NA
PstI.TP985993,6,50461167,NA,NA,NA,NA
PstI.TP1066422,3,60988993,NA,NA,NA,NA
PstI.TP1246584,1,1015480,NA,NA,NA,NA
PstI.TP957775,9,27506778,NA,NA,NA,NA
PstI.TP60635,3,66807545,NA,NA,NA,NA
PstI.TP225232,1,70799952,NA,NA,NA,NA
PstI.TP545574,9,46822842,NA,NA,NA,NA
PstI.TP574024,11,4130,NA,NA,NA,NA
PstI.TP377456,3,68183917,NA,NA,NA,NA
PstI.TP532337,9,50600056,NA,NA,NA,NA
PstI.TP400705,7,1246953,NA,NA,NA,NA
PstI.TP884909,1,23972025,NA,NA,NA,NA
PstI.TP438569,6,52665117,NA,NA,NA,NA
PstI.TP494133,11,3744,NA,NA,NA,NA
PstI.TP222462,1,69790547,NA,NA,NA,NA
PstI.TP682522,2,77263024,NA,NA,NA,NA
PstI.TP393536,1,66632271,NA,NA,NA,NA
PstI.TP1281372,4,65195494,NA,NA,NA,NA
PstI.TP530550,10,10541144,NA,NA,NA,NA
PstI.TP598190,6,53317495,NA,NA,NA,NA
PstI.TP715604,4,64992446,NA,NA,NA,NA
NsiI.TP453156,4,66318126,NA,NA,NA,NA
PstI.TP966761,8,4674732,NA,NA,NA,NA
PstI.TP185010,3,65791497,NA,NA,NA,NA
PstI.TP390264,6,57802308,NA,NA,NA,NA
PstI.TP364228,9,56945624,NA,NA,NA,NA
PstI.TP716618,1,918921,NA,NA,NA,NA
PstI.TP332665,1,62857264,NA,NA,NA,NA
NsiI.TP447267,6,60469529,NA,NA,NA,NA
PstI.TP1025772,1,79665639,NA,NA,NA,NA
PstI.TP433679,11,3324,NA,NA,NA,NA
PstI.TP906047,3,4276001,NA,NA,NA,NA
PstI.TP443586,1,7215893,NA,NA,NA,NA
PstI.TP210723,6,53519176,NA,NA,NA,NA
PstI.TP130605,10,3473673,NA,NA,NA,NA
PstI.TP691668,11,4782,NA,NA,NA,NA
PstI.TP578565,2,63409175,NA,NA,NA,NA
PstI.TP742499,1,76179984,NA,NA,NA,NA
PstI.TP60269,11,509,NA,NA,NA,NA
PstI.TP87823,2,12499508,NA,NA,NA,NA
PstI.TP452304,3,2977792,NA,NA,NA,NA
NsiI.TP132109,2,72971977,NA,NA,NA,NA
PstI.TP30142,6,54712768,NA,NA,NA,NA
NsiI.TP765276,11,18550,NA,NA,NA,NA
PstI.TP261995,10,8063942,NA,NA,NA,NA
PstI.TP523933,1,6018181,NA,NA,NA,NA
PstI.TP839365,4,59601391,NA,NA,NA,NA
PstI.TP214151,5,4095852,NA,NA,NA,NA
NsiI.TP355888,11,13042,NA,NA,NA,NA
NsiI.TP4875,2,72051507,NA,NA,NA,NA
PstI.TP24084,1,76155984,NA,NA,NA,NA
PstI.TP347106,6,54444929,NA,NA,NA,NA
PstI.TP701371,1,9558859,NA,NA,NA,NA
PstI.TP166018,11,1363,NA,NA,NA,NA
PstI.TP667673,8,3073031,NA,NA,NA,NA
PstI.TP103845,8,58125692,NA,NA,NA,NA
PstI.TP1021190,10,58588164,NA,NA,NA,NA
PstI.TP88428,11,740,NA,NA,NA,NA
PstI.TP831757,3,3676028,NA,NA,NA,NA
PstI.TP76217,9,50041027,NA,NA,NA,NA
PstI.TP5684,11,34,NA,NA,NA,NA
PstI.TP726878,1,13263594,NA,NA,NA,NA
NsiI.TP484767,11,14966,NA,NA,NA,NA
PstI.TP1153923,3,72256661,NA,NA,NA,NA
PstI.TP916840,3,63298133,NA,NA,NA,NA
NsiI.TP717243,4,68249333,NA,NA,NA,NA
PstI.TP267509,9,51633931,NA,NA,NA,NA
PstI.TP238084,3,7339640,NA,NA,NA,NA
PstI.TP761159,4,5265528,NA,NA,NA,NA
PstI.TP393591,2,65650487,NA,NA,NA,NA
PstI.TP1014707,1,60949616,NA,NA,NA,NA
PstI.TP776270,6,39667672,NA,NA,NA,NA
PstI.TP543197,4,67169531,NA,NA,NA,NA
PstI.TP924933,11,6475,NA,NA,NA,NA
PstI.TP1133775,1,23057893,NA,NA,NA,NA
PstI.TP789863,2,65670320,NA,NA,NA,NA
PstI.TP1148070,4,57865747,NA,NA,NA,NA
PstI.TP929174,2,65390153,NA,NA,NA,NA
NsiI.TP164112,2,75774037,NA,NA,NA,NA
PstI.TP1004277,3,73886342,NA,NA,NA,NA
PstI.TP448080,1,70586488,NA,NA,NA,NA
PstI.TP131122,10,60582165,NA,NA,NA,NA
PstI.TP391374,3,66712259,NA,NA,NA,NA
PstI.TP1252633,1,64114120,NA,NA,NA,NA
PstI.TP66363,11,553,NA,NA,NA,NA
PstI.TP1207922,10,55463410,NA,NA,NA,NA
PstI.TP151617,1,78724834,NA,NA,NA,NA
PstI.TP110898,10,9880843,NA,NA,NA,NA
PstI.TP209249,1,67863639,NA,NA,NA,NA
NsiI.TP437987,11,14225,NA,NA,NA,NA
PstI.TP1217836,6,58435510,NA,NA,NA,NA
PstI.TP533938,6,3839549,NA,NA,NA,NA
PstI.TP43035,3,67960309,NA,NA,NA,NA
PstI.TP1127994,4,66065200,NA,NA,NA,NA
PstI.TP1042921,9,57481010,NA,NA,NA,NA
PstI.TP273897,3,67574112,NA,NA,NA,NA
PstI.TP1049411,4,58511842,NA,NA,NA,NA
NsiI.TP561476,3,6721083,NA,NA,NA,NA
NsiI.TP242759,7,57945470,NA,NA,NA,NA
PstI.TP1038470,10,2596422,NA,NA,NA,NA
PstI.TP486408,11,3684,NA,NA,NA,NA
PstI.TP148680,1,67724801,NA,NA,NA,NA
PstI.TP298371,1,19099334,NA,NA,NA,NA
PstI.TP1029642,11,7158,NA,NA,NA,NA
PstI.TP904259,3,66075604,NA,NA,NA,NA
PstI.TP321113,7,2693846,NA,NA,NA,NA
NsiI.TP468188,4,16051806,NA,NA,NA,NA
PstI.TP33096,6,3180162,NA,NA,NA,NA
PstI.TP505540,3,71068246,NA,NA,NA,NA
PstI.TP943645,10,536366,NA,NA,NA,NA
PstI.TP774033,7,64851531,NA,NA,NA,NA
PstI.TP819907,6,6739141,NA,NA,NA,NA
PstI.TP115547,3,11558444,NA,NA,NA,NA
PstI.TP632941,2,59755581,NA,NA,NA,NA
PstI.TP745785,6,45615805,NA,NA,NA,NA
PstI.TP338856,2,59737782,NA,NA,NA,NA
PstI.TP443245,1,9039678,NA,NA,NA,NA
NsiI.TP488350,3,53232085,NA,NA,NA,NA
PstI.TP1262700,11,8891,NA,NA,NA,NA
PstI.TP427397,6,49196509,NA,NA,NA,NA
NsiI.TP527741,10,55575641,NA,NA,NA,NA
PstI.TP1106767,8,18038551,NA,NA,NA,NA
PstI.TP861895,3,12987175,NA,NA,NA,NA
PstI.TP1260649,4,52875541,NA,NA,NA,NA
PstI.TP769015,4,60173826,NA,NA,NA,NA
PstI.TP42898,10,52309781,NA,NA,NA,NA
PstI.TP1272933,11,8969,NA,NA,NA,NA
PstI.TP59966,7,7754399,NA,NA,NA,NA
PstI.TP119425,2,73077344,NA,NA,NA,NA
PstI.TP1117123,10,1206568,NA,NA,NA,NA
PstI.TP787593,1,67474277,NA,NA,NA,NA
PstI.TP81443,3,72402402,NA,NA,NA,NA
PstI.TP10310,2,18574283,NA,NA,NA,NA
NsiI.TP538662,6,48159780,NA,NA,NA,NA
PstI.TP1057926,3,65160984,NA,NA,NA,NA
PstI.TP549811,3,66531825,NA,NA,NA,NA
PstI.TP140016,6,57096158,NA,NA,NA,NA
PstI.TP637513,7,61758322,NA,NA,NA,NA
